%ATOMIC_POSTION(BOHR)
0   61.7220944682   45.8037323128   38.9302146547
1   1.81136431389   21.1928380846   10.2240764317
2   10.3249040619   61.3661623682   60.9859358101
3   43.7612827356   40.5570262924   36.2556080748
4   39.6261749938   51.4446758761   52.4361424266
5   19.2384945748   61.5050272225   62.6667489743
6   11.552341685   28.3624592953   6.49107404547
7   61.6599756463   52.6003896126   7.32323981946
8   0.382535185345   38.9686184569   51.9731544246
9   21.4538676038   11.2160219909   50.7715822174
10   8.74529492447   16.1873028361   55.8538957995
11   14.1516302755   18.2193391903   51.4258521027
12   48.0121564547   35.0119514989   10.6142577989
13   39.2916402185   31.8404399106   24.1279705108
14   23.5395399259   8.99360686827   31.7208075849
15   26.5640834109   20.6771689756   32.1589053456
16   23.5913344216   59.3114969882   7.14450226609
17   33.0642312521   67.4284600622   59.8741327588
18   53.0433754222   50.8240442538   7.74970973281
19   53.4317034599   1.97816763217   29.2951491816
20   44.9485918718   37.0256253662   51.7421265885
21   17.8057117212   44.4268465286   58.8969237556
22   7.83530046952   64.2773745436   20.0808210271
23   61.1860650019   29.424596754   49.3408025778
24   17.4904986598   54.4909345892   36.2873434106
25   29.6398827165   43.7623649851   51.61547926
26   6.74655941105   29.0489720821   50.915958557
27   42.3257578994   21.9288645979   10.5199139219
28   20.9179625054   16.0808477878   30.9056822565
29   9.16591754433   4.71974299161   25.6861144405
30   62.826609723   39.6480497734   35.2601451831
31   42.3880740213   4.08998016429   46.044816947
32   3.83909779052   37.8870665709   67.3297799038
33   2.38689865838   66.9841543609   7.26811196908
34   60.2576118345   24.620129859   35.6445957549
35   7.1107031724   10.01785545   39.9763588191
36   13.9047508478   35.0269417538   38.7509718833
37   14.3817845168   48.3013976243   35.3665828249
38   48.0393163782   23.1738781388   5.67324173106
39   33.4336093135   15.7419886284   37.1312407385
40   9.22753350316   45.8458666809   14.744169919
41   66.5826932082   8.20194893312   40.461926429
42   9.68868852139   22.2067825271   21.8330796901
43   41.1398622068   1.25551147549   35.0516480732
44   63.6961107625   54.4416425764   14.886298998
45   17.6703335123   45.5842723206   12.4621913016
46   11.6135116123   54.7944318918   33.7874894958
47   48.627364236   3.80123258776   62.1871271409
48   6.66846551689   36.5282496094   50.9595838972
49   42.4874710985   28.2140883153   2.50763460524
50   5.02815462859   56.2852814316   32.1506958154
51   12.5717298574   30.2810836273   19.8117602986
52   4.24827691141   28.85729558   20.0511017227
53   7.35253048245   23.9172114128   45.0221735081
54   12.4892004489   13.8244679614   33.6490119309
55   7.01338018079   67.5481184349   31.1321117183
56   59.0235772845   26.6866748588   28.5245148787
57   10.3491175378   24.8981659006   68.0161015915
58   46.9018690769   37.7502129432   16.7856603281
59   49.2587922244   42.2146047916   33.6678549048
60   8.0470204904   21.7508744805   31.1166603042
61   60.2907083182   20.3277455206   3.89306516185
62   37.7144128805   55.037381642   16.0392452113
63   61.9399381959   67.4334642638   50.3933162064
64   57.4660633206   54.4270240357   32.1401832361
65   64.3111708302   17.3916217859   40.7413750323
66   25.7663600782   62.1294707782   19.586951361
67   66.0910007351   25.986215589   54.0897570942
68   56.4702866743   48.7774448808   49.6420166926
69   19.5295462281   35.8652146461   43.5293335266
70   33.9910980708   3.99407368848   18.2537975932
71   50.507883056   61.22095193   53.8744229417
72   55.8037941443   25.7500483102   47.4792704378
73   62.5543557474   34.0272127745   10.8445751298
74   23.8611971951   4.51627026369   36.9955326996
75   42.4537172098   47.5389846103   26.5406563135
76   54.6186472667   47.9360656283   35.7440396483
77   24.1777302071   26.6151901253   34.1596461883
78   64.8064523187   46.5813569664   26.0284929395
79   40.7254554738   60.9342849605   13.8508437265
80   28.2795478888   10.0146913663   2.72732230254
81   57.561904291   23.1016020889   15.3431667585
82   52.3403859367   6.16937791481   21.5476244811
83   24.6923720148   61.1263314761   39.2168974659
84   0.924856778875   50.4393414785   12.8207811622
85   14.2990793871   33.5909484138   31.0931684693
86   42.4965267778   12.6751150373   19.3061123385
87   62.3350979281   32.5952036836   36.5705186152
88   65.6501991334   58.0197816955   31.4140351669
89   12.6580359149   32.1153726894   46.7998223733
90   58.3688857109   24.4989406247   62.1065533818
91   56.8677556726   11.368587385   67.4093340784
92   31.6698347048   31.1503998864   9.01534885151
93   47.5907646177   52.9094392492   62.1130402513
94   27.6115724459   55.2742669031   20.0130005146
95   6.00636507859   10.2862241794   16.9714304835
96   65.5356456106   23.6327254932   61.3958960909
97   2.4755291487   10.036370176   35.5915909845
98   26.2800891787   7.77845494835   18.3982579484
99   67.4196664186   9.17745156743   17.2876843805
100   48.9504387386   44.8894702071   48.5555490293
101   41.2728214354   52.8723207115   8.11956887819
102   2.34210412247   5.9188936909   48.9822075437
103   26.9333946971   25.7286421199   5.06011365826
104   29.8880908441   26.362362701   13.4254422265
105   55.0769855416   25.1896464237   6.76877261818
106   2.76959397901   50.2365856684   39.0610204908
107   9.11192128514   23.2370732412   37.6294812754
108   21.3458779049   13.3316736784   63.0498854114
109   43.1162189329   14.6916251646   65.1762646092
110   8.97734562347   67.5600803874   11.534602352
111   18.443974525   27.483096888   30.6635464273
112   60.7259651835   66.4683910907   22.0676022172
113   13.0766721449   11.0261661212   44.5451301616
114   47.2699640461   16.10436726   9.31807802154
115   2.09388838333   16.6219940613   52.7390356642
116   43.229687477   16.2071098554   55.0053835797
117   35.4786129774   46.321258166   48.968648975
118   29.1802283609   50.9525313965   6.17009431354
119   33.8955901448   63.9963783764   42.0826515653
120   21.1320232565   7.35705361831   44.6778092107
121   10.5982786878   17.9384664865   45.5831554373
122   49.8700298672   37.4545998802   37.3976221395
123   10.2798638061   4.25853329977   38.413239571
124   49.529789528   59.2620395875   60.4248357068
125   11.0882755026   9.93156823671   60.5119321959
126   44.8890933006   62.9863163855   31.9299912786
127   55.792300712   56.0397866673   48.2610000312
128   63.3553845491   6.48246674111   51.9070007058
129   17.2850656232   4.30455687921   10.214448135
130   39.7223089119   31.8834808902   50.7754377677
131   62.282350679   42.9953924219   48.1362069817
132   9.29643274697   18.0094955102   15.4271208938
133   12.1860933828   42.1767466769   7.85568567733
134   60.5472238569   37.6323131443   62.3390682611
135   35.8593807612   18.2975165728   8.59555335258
136   10.082856114   39.556424681   32.7144267145
137   30.0857301971   7.89319862805   64.3649136432
138   26.259531631   16.0564553268   49.4813114664
139   55.612473673   14.6752160891   60.621081663
140   45.137960638   65.5354381611   58.9724406032
141   67.6306548662   30.8716678854   32.1116782091
142   50.8749314812   13.7599728555   66.1664478756
143   0.50919836395   32.1135445826   14.4698751148
144   11.1045294945   1.5302699288   63.1676007776
145   26.1752234846   3.05594248326   62.908593978
146   27.0936555788   3.537965771   45.2260494839
147   8.38250026915   12.7737497582   27.9727133518
148   27.4280630967   16.2585162827   6.30390136515
149   6.61171160342   8.024031161   67.714240638
150   61.7783611665   1.77507973361   57.3464037441
151   41.5408437656   59.7191099456   53.0839421762
152   13.454116788   2.2412072835   46.0244844248
153   62.9810250875   35.7859263782   47.5662719116
154   20.1320235086   24.9842594408   21.5981819474
155   19.7696419974   26.7793969963   44.8209211796
156   19.7739212157   26.4408719557   51.4687916847
157   49.695145693   10.7291888059   52.5363176717
158   20.1285726947   36.6269064519   36.6397746466
159   15.8986639582   49.6900466654   42.8958501455
160   12.9046329772   27.4951779457   42.0893847946
161   37.6218963169   17.911343469   21.9896362708
162   16.3311957573   6.46930319763   58.8640984988
163   16.5845856242   30.2998991264   0.926765259817
164   49.1699407691   25.9634939391   67.1888886942
165   38.5143322826   43.5841194641   21.049265103
166   44.4965008196   41.4594599964   0.042393537744
167   9.73716697133   41.9734492256   23.5507728482
168   10.3900279912   57.1457398817   54.4527326806
169   6.97098915394   33.2748861769   24.3661250325
170   18.2049372164   9.18020637443   22.3815933964
171   24.175326673   15.1236257517   55.836315196
172   38.4104808487   15.742394283   15.1607942181
173   30.8266936978   43.8202305019   42.740493152
174   6.52108597453   12.5292709836   49.0160741103
175   12.7597664447   10.6199377269   52.5947115552
176   49.1426446617   20.1600415764   38.4204179126
177   26.4115315834   12.0742073876   43.1329776783
178   34.8448993855   53.4591142974   9.90399295807
179   7.62357390646   7.25101628024   31.5184128304
180   37.367440343   9.30299410305   6.10712677552
181   43.6920847519   11.9843295534   49.3234765269
182   67.4879801657   61.639913536   16.3252735776
183   67.5526482586   14.1065817954   2.31683205423
184   29.4180740918   10.4408978101   58.1587843908
185   15.2692587235   20.8132225725   30.5955058755
186   26.0507951933   42.7452917954   36.6095752234
187   34.1324746525   20.0322688565   30.591210147
188   39.8650006642   20.9268200692   34.4536777875
189   4.51516952598   44.9019210116   66.4180601948
190   61.4712193669   17.9698537668   32.7311224011
191   6.60451632108   2.90651257107   57.0935807393
192   53.2590591672   29.4771176343   30.063551885
193   18.2839741472   42.219086665   4.99565523693
194   2.97227382724   16.6046647856   26.6524746073
195   1.16700643603   62.9153980009   26.9891606998
196   56.5299320237   17.550559882   37.6029023818
197   40.8624416155   41.7365388596   10.0098243891
198   11.1630799892   39.6187109135   1.6697990569
199   40.9330292095   23.4483920464   51.642993221
200   11.4740188591   9.47284738384   21.7136797405
201   37.3845371076   23.8570449501   26.0274200302
202   55.4398872448   45.323087468   22.9407529345
203   7.65675847867   34.6366495792   36.2421120135
204   41.1065010603   11.4680447136   58.8584401852
205   37.9836570658   47.3406531738   14.2947238689
206   50.7620895569   44.2132994287   18.1338445643
207   58.6528284637   58.9868154087   10.847704917
208   3.16571192604   30.1530198651   37.3047036407
209   15.8755044178   49.9589129126   55.0187692881
210   17.3523882993   37.2443713889   56.387443629
211   63.9481983947   49.9679190482   59.9704087792
212   13.8630490609   25.1912378943   15.5144540746
213   8.06435845984   52.5485521862   14.8142768972
214   37.1207884693   6.1508437755   63.3428716507
215   3.04054085512   61.7053388609   4.14918826883
216   38.3844217198   22.9988943429   4.03433998029
217   11.5617827488   63.8140782103   42.6958499998
218   26.2891646616   35.0559905926   50.4349259441
219   50.0138665116   52.6515154858   35.8111835672
220   39.5849416274   53.5793493165   64.1437697453
221   58.9018551767   1.38593127877   42.0988725768
222   10.1076263647   20.2560454216   8.38232343337
223   64.6182900677   62.5502983276   7.90509226573
224   36.2664166119   21.2330470237   42.435723739
225   4.52567046294   49.3449736022   28.47302977
226   35.3894608825   62.1994739714   10.2091082802
227   64.4939656455   32.6325706446   55.0481230458
228   6.11973261557   30.0600420035   44.1133153511
229   32.1411585474   60.2408544565   58.0537224287
230   13.4165049296   39.4393061204   47.2736397483
231   2.44469233699   42.1946335109   27.3253263653
232   32.8885227811   50.7806507283   67.0875768859
233   24.6963064587   31.9810482819   43.9808562818
234   51.8100466104   15.5489988162   33.2832539429
235   0.898424810335   54.5742659473   47.9116013474
236   47.4494354108   4.27598555042   3.12361831889
237   36.2526447336   9.73653711537   37.7226088322
238   64.9087148828   43.8822905892   63.7586093747
239   65.7116039864   49.843136319   20.6412804324
240   31.5798338121   44.4391887356   10.3223683836
241   42.9312214309   37.801069081   23.1463218383
242   17.6677185454   44.2381915586   66.4486586819
243   5.26169120441   4.29098008218   43.4507059369
244   54.5492648388   26.5885329317   57.2172452647
245   33.0493196298   64.2794574058   17.5589085246
246   18.6630667122   15.4443416064   24.0821610547
247   11.247921913   64.6075600678   50.5423041988
248   60.498550189   52.7837946171   0.72719885789
249   19.5777078423   33.2157597691   62.778605901
250   9.75271269422   28.3913025411   61.744530247
251   34.5240491897   39.7541334283   49.1409911622
252   18.9883782896   55.3785422781   18.8816322176
253   35.995177903   39.1525195518   16.5475082906
254   52.8068769286   44.4904916516   55.5033571087
255   32.9953804981   64.0325184741   35.0306833703
256   53.9075176792   56.7448163961   65.0977481316
257   5.69886040997   41.5781630351   60.5413008268
258   7.23157311586   56.4253759445   48.6706916972
259   22.4145199836   55.5995024213   49.1427342564
260   15.7015547539   28.7187980419   56.0752662865
261   55.4291991751   1.36266556242   48.146132649
262   40.6073208559   29.1037197668   43.9927782737
263   5.01846291122   67.9598443237   49.2504274245
264   44.9272816116   0.153685735716   22.1462501003
265   5.38430998866   39.8066059173   14.3194632999
266   41.8580036156   47.6409065191   60.399409362
267   19.5004856633   64.2525030772   42.8133009318
268   62.1400744446   26.6897721841   1.20400973241
269   16.4879728431   20.2231200994   66.7958482488
270   8.96899499286   48.8182422956   7.66924793394
271   67.9624373068   53.6779817127   26.0944973943
272   28.502966322   23.3258441103   65.2501217487
273   53.9200901733   64.0427232609   4.95291864003
274   24.5665055316   36.4515451007   67.990737701
275   49.4271988201   8.36445556238   27.8999553522
276   49.6024093443   1.63280542812   16.8031616248
277   63.534005501   9.31385601336   31.6080854099
278   58.5788414505   31.4741476985   59.4150418342
279   60.3634123759   6.41412504807   45.9014855507
280   26.8660348885   32.4650203744   31.8802312967
281   43.412945911   24.2260895236   22.5514173225
282   29.367868784   37.4712238762   11.9022081254
283   29.4643119659   31.2478921199   54.5181278803
284   29.340869897   14.458458107   32.4169330375
285   45.0601860972   17.0925261983   32.8319945767
286   7.22818988939   56.4197052678   39.9217700652
287   47.3344636825   17.3648704545   2.0375265527
288   55.9255723355   3.6355907012   35.8642774721
289   40.8413255355   49.7516955639   20.3905998484
290   32.5865461826   38.720973882   63.8959584438
291   57.8040477441   6.68183332609   27.6105721446
292   49.729163482   65.8042602835   65.4904345686
293   38.4148046659   14.8721191455   31.7976
294   52.4751823134   20.4663821046   60.9786608532
295   8.55227727522   36.6768978272   42.1763700232
296   12.6360380121   65.3147512202   35.5403389805
297   23.6486043921   6.30963386921   24.8889596253
298   31.3547176658   38.6775467026   34.295781936
299   0.769733090841   20.8080369088   45.3241677246
300   48.4951198333   40.2319267162   5.48370669517
301   34.307504581   2.27688383421   24.3881589848
302   42.3682467678   54.0346900983   27.0804377775
303   51.2053718627   30.9161721868   50.7440395378
304   1.67117756961   20.1865586904   58.4283118302
305   26.1794627089   26.1116705518   41.360177847
306   58.8428863306   36.8238634616   40.3478203275
307   14.3764529725   58.6938746451   49.2660668634
308   45.3766735151   50.3497234053   15.2075899749
309   27.0960765301   56.9026351996   43.5770468521
310   12.9447790467   61.2638125838   13.7486164564
311   9.43691428586   20.7916003058   62.6837477085
312   24.666037968   12.9647803353   25.4791563837
313   19.3227378004   0.520251985185   62.5422073986
314   56.3855122227   36.344749561   46.6813681598
315   30.2270833983   6.49918641366   38.7366843722
316   41.8116325698   59.661832652   3.93025223151
317   26.481288081   35.6165636126   24.9647296565
318   10.815869081   9.11106519194   4.19960757189
319   23.7370533758   48.5968362625   49.3867123378
320   59.5543444418   30.7337764727   42.6948718814
321   40.2960565178   15.3652020151   3.38336462366
322   24.3519609246   41.0328822629   46.3909253509
323   35.0855904237   8.75277025711   55.1136758489
324   49.1205792101   46.084049829   61.5689743456
325   35.3764179451   14.7850528541   60.1608621924
326   49.1224638535   38.0453206992   45.7886581343
327   31.675639366   36.3208858103   2.64449767737
328   62.4979393324   27.4540919806   9.10011578043
329   12.7166030684   1.23193608843   55.5961319547
330   2.25428174376   56.2973254622   66.0145711276
331   0.3388282966   43.7674823225   40.9509381016
332   59.6137584062   44.2875122   30.1000513281
333   63.7957414993   1.57236898123   36.3644644491
334   31.7589569611   12.4043894892   9.27715013132
335   41.7193930519   57.265657985   40.6920250707
336   26.4962058126   32.8832644641   5.57957185408
337   16.2055552346   48.155162804   5.60339450593
338   5.6626529154   9.25098510214   55.8944284854
339   43.1739837913   33.3958741608   30.4800142772
340   34.6600642849   3.41909023659   46.5776179102
341   64.9328279098   21.8218743469   16.5336138952
342   64.5228469721   25.7712822824   24.4163429283
343   5.02048436683   47.9591852547   53.1463683622
344   36.8457007759   47.4749757022   5.74079281383
345   14.8485364343   13.9641948741   18.4340078911
346   32.3640599303   57.2411237307   38.8671133516
347   19.7801604877   51.3946028049   0.544495000561
348   12.6730437098   63.4667889608   6.73764162092
349   9.20236942757   5.34077017805   50.7499395295
350   3.53892089225   65.2728301444   40.8027089482
351   27.4653916766   43.339270278   16.3552415849
352   0.388784192747   49.5260334478   6.27695750036
353   57.9857711276   66.0346135621   12.4780787126
354   4.39212179625   33.170415912   3.56416050259
355   32.3056510078   8.15999717187   30.5972928355
356   4.37394408073   65.0665753316   62.5137380753
357   66.9523881349   58.4520153067   42.3073817769
358   65.3454392156   1.06720222623   17.3603016681
359   17.3038186787   35.4081873631   5.46431545264
360   9.81992167393   52.5188521541   59.4792749805
361   37.7804625766   36.9039893741   55.5736522017
362   41.5112142071   5.93373986262   0.587724343014
363   48.3307598069   22.2227701157   53.5526399641
364   23.7014677008   67.7355562164   6.99154871284
365   46.0799194223   18.9284715501   18.64248656
366   15.0519191948   18.0501303406   60.2387494624
367   29.9378018631   50.7910045914   48.4407452751
368   55.4534845871   48.4899372748   15.7040478304
369   22.0146455939   67.1455778389   23.3878008113
370   64.3999935551   58.1931481568   22.9113551296
371   0.894225776465   26.4305434964   47.8581328215
372   48.7270319914   14.9119488387   27.1241775205
373   29.9255399616   66.3615038841   6.73521503857
374   19.9233041196   29.887085346   39.1098559902
375   54.4442983144   7.32993384567   61.7779409197
376   30.6823474211   46.6315651791   21.6790930593
377   57.7636137411   52.6947408744   39.4562730217
378   46.2568533845   31.4349854666   20.9524350242
379   67.4897474631   15.3741692868   33.1124896676
380   47.4959464621   11.1015560282   4.29875947526
381   29.1799733866   8.5151713872   50.2385224232
382   27.3795470212   18.4354109414   12.7584946383
383   43.5130336572   20.7884889113   44.2697261786
384   40.0060928138   25.9060891324   17.4603512143
385   62.3573878015   56.7577154498   61.4826751436
386   36.464722115   2.03534841717   53.2449640022
387   37.2324167397   39.6594667569   4.09624452755
388   36.7644407434   25.7276163162   62.4205363999
389   1.3703536236   36.4185462234   9.58905866941
390   38.3547989943   9.4885127162   44.9353378489
391   33.269956073   34.8288248146   26.7317008171
392   33.6389109458   26.2621090782   55.0251848252
393   55.9086983064   38.6042883293   33.5753159267
394   20.146937104   48.5964363031   20.9075073245
395   28.9421963502   67.7025737522   38.6325074644
396   41.5961273606   43.1250863338   49.4448124608
397   23.8830353723   63.2809807757   32.2079109796
398   67.7380325407   6.65391708655   3.69611103676
399   25.6227567773   56.7752027703   31.5381241993
400   60.0140843458   12.9714396761   52.1709963767
401   55.5440365919   42.0640320615   49.8237355845
402   36.1015065346   47.217513129   27.8863918383
403   52.9659388184   50.483724116   1.35873319518
404   16.2152374887   21.3378871949   44.615043277
405   0.297339149522   44.6416526118   56.8521657891
406   66.7786946455   50.565987831   66.2217306514
407   35.8405988193   55.3374322605   2.51278066556
408   30.0956685349   66.43313588   66.5916652564
409   34.7737491098   63.6969964201   3.75585322318
410   66.4102979028   42.4177639348   10.0373402689
411   59.5519124493   31.9461202107   4.78735656503
412   35.9893338501   11.3544356084   66.6370832201
413   15.9408745495   59.192025532   30.7541378629
414   23.5340242288   47.091819715   6.53582349868
415   63.486579411   8.6209849994   63.741713588
416   33.9327090028   53.6663278032   57.4630362829
417   62.6356888151   46.6530762835   13.6744773875
418   15.5829911596   36.4732500788   24.4452107517
419   37.7145471739   44.8079854652   41.965278454
420   46.6304952356   49.055037427   53.7498035863
421   56.9721565462   10.7611765756   12.1449455509
422   6.87235362994   45.8064640937   34.9715134497
423   35.7844384313   2.29335715157   38.491932416
424   6.85285933881   43.2739812527   44.4150913447
425   7.65756978544   55.8294105728   24.0145665169
426   12.7139669396   45.6024121773   47.1070273327
427   44.9639907372   8.88824263413   63.757714613
428   6.80764503435   3.83696507994   5.92036841402
429   57.2396285831   45.7224187896   67.0361316522
430   17.4979094566   50.9868140045   62.1577007188
431   62.1738647931   17.1041623905   57.4883621376
432   11.5978805516   47.2516807958   64.0318973423
433   37.4369119653   52.4970766044   31.405966549
434   56.3008047897   31.7918228268   65.765093502
435   51.6982203267   25.3424388851   17.2838269114
436   56.6515320787   6.26616196064   53.7405506128
437   67.4927278678   32.2157143868   23.8943171437
438   7.56848535855   29.6051531394   31.1075458585
439   46.0281739707   1.07953351245   40.4071949097
440   57.3000158855   65.3217352697   54.6501776208
441   49.7430299204   44.4074311731   27.1254011306
442   43.5634516274   58.28294134   19.2344142711
443   26.9854205543   61.278132111   53.1537051105
444   64.4218899528   39.5260786906   42.3646815881
445   55.79312953   56.9838042426   25.3619796744
446   30.4635302069   19.0507919326   60.3518893762
447   20.943200093   63.1199347664   49.6936122764
448   17.4562905172   37.6239271439   67.0729101912
449   38.9925931685   67.7178238384   14.5571424888
450   64.3151647729   61.5417177356   56.9483044796
451   20.7437192029   49.0430824725   37.7745795149
452   50.7974515053   67.4649246975   54.3105497402
453   27.4311993526   26.1401767459   26.6003476082
454   61.170768763   18.1659123139   65.0813595408
455   58.8011376139   40.0710194826   10.7568482894
456   39.6899671881   36.5785581583   44.2804216807
457   5.8415356471   29.8374819492   9.57341263493
458   48.1893904537   30.6248381171   34.7370002169
459   18.1921702758   44.8387127031   27.0207420195
460   46.922053163   23.810534719   32.81295426
461   66.4498008506   39.2991199945   15.9190950065
462   12.8207263164   28.3464648689   34.5559771246
463   27.2608521974   67.2325177805   13.2735879386
464   39.7849233503   29.0137893335   57.0058281112
465   34.701172251   30.1844512089   39.642344852
466   18.0167617828   11.4176422804   8.52218111588
467   48.4043939918   13.6434769418   60.0062811712
468   26.1518566832   40.9958272962   4.29237427732
469   18.8625537465   7.94597286506   15.8449296243
470   51.3133427195   60.1029428093   32.1041121497
471   26.2520287817   22.5895090737   52.5455377151
472   51.8744863033   16.6291565942   54.916823489
473   39.3484788117   62.0959345142   36.1341525092
474   5.30991438715   17.3049685698   36.9743641483
475   4.06136036976   0.890935902532   15.9451408989
476   13.6327298365   17.8061796813   38.8057467367
477   3.83275343719   23.8176378964   64.4679037985
478   21.0216690729   60.8682852793   0.854942749562
479   39.9014414228   15.3070375715   40.5268672935
480   23.7642826528   27.0565737329   60.3492834117
481   64.022417482   64.5016731178   43.1762201277
482   21.8411014014   49.1064231443   30.9192633144
483   40.5416215388   5.16083885478   24.0250901516
484   3.14412643131   0.413179112153   23.5853888237
485   46.7876352368   28.2048117967   28.1205208156
486   30.9418293108   50.615366984   42.1023188737
487   41.2466675371   4.77597747867   9.47115262465
488   11.306867239   48.0758643133   25.6670656472
489   34.519094201   56.0666232522   44.7439912104
490   1.97016954231   55.7990602082   17.5974501377
491   15.8683082158   56.5154766962   65.9487255465
492   29.1979739132   27.4947098303   49.1562508067
493   48.2017738306   12.0996892903   37.1121441184
494   48.799073231   5.58525903485   33.9755153659
495   12.9110282346   54.6535314167   11.1249008337
496   22.938698811   20.490534808   61.7354851064
497   30.5421211231   58.0072304167   6.4069706052
498   42.7077966473   34.737967118   58.4122025545
499   36.985312783   51.6389265849   37.985864401
500   27.6641133044   2.50175768026   29.8765671802
501   65.3501588339   49.0011434565   51.7076921256
502   17.7137863077   65.4863106011   11.1681607465
503   42.1996496504   12.7020897092   10.0454368342
504   65.3855427575   2.66265504482   44.2340897324
505   38.0148006094   11.1054233692   25.0748654337
506   50.992078445   53.8557933423   55.3820926581
507   56.7753822467   33.80498804   52.7124156319
508   35.6431259528   9.25491007075   14.0759788952
509   42.6266772391   29.8413962593   63.9899808303
510   50.636153719   22.7532584066   11.9681851401
511   37.0142424292   19.8347752064   55.5963445453
512   32.3857327809   15.6162562247   51.7898630375
513   57.2009292923   53.8759689625   18.9915117506
514   55.9833603857   12.503478195   22.9894779708
515   38.3207944618   58.1854002855   23.8951335595
516   9.66871709415   49.7993115645   40.1647777048
517   7.50142718198   66.288120281   0.315111796268
518   51.8192988153   50.2395619111   29.906454074
519   43.5013063239   43.3248691186   16.9540535875
520   23.7625206676   24.1250499333   10.9553658187
521   54.7385395603   35.4005118935   25.3657889111
522   62.5961526218   43.9752122667   19.9740679245
523   29.4041494488   51.74453   28.3000447842
524   5.91610193359   14.5846374094   10.3615153912
525   24.6215012487   54.0494096243   37.502717395
526   24.1837107529   5.19560279068   12.1858578636
527   16.6916704788   59.9332529361   23.6394141551
528   22.5367669279   40.9837901576   9.89141319135
529   37.632126097   67.8585957718   65.7835628888
530   23.3650607706   7.67319945176   66.5465213538
531   21.2728695952   39.6971733699   62.280829643
532   28.9235863323   30.6170681811   67.5847427206
533   32.4937151117   14.5815357898   25.7839171448
534   20.4037620131   60.2376532862   14.9642237662
535   24.0079895338   19.9937364145   2.52109973264
536   15.2595728993   52.6230717208   28.7463861389
537   67.353849308   3.05513725638   61.0886682458
538   46.3911428937   26.737753146   40.8984694488
539   60.942694784   14.1199696095   44.9182437258
540   31.6894766631   22.4983902874   36.1925910265
541   17.4262827828   43.2673390037   50.8671026286
542   35.6320184612   18.290206931   65.602405645
543   3.16569856818   48.8237253995   60.7805305794
544   6.90121548928   59.5583882159   11.5285329886
545   18.7273131935   56.5487613134   42.7583686959
546   52.6173689952   14.5486594789   42.9577526411
547   57.5398550926   65.5183517433   37.1158825186
548   16.925027665   64.0520909161   55.176372029
549   66.1942510824   38.3205162302   59.1627425298
550   36.8977190969   31.7286010078   0.834055285769
551   64.9203914802   53.1390732828   38.8870146037
552   41.733023191   55.6561458339   58.5138097902
553   19.7204341742   20.7452156041   56.0748042214
554   50.4088330379   0.740765629393   8.46507912022
555   59.4202821138   54.4386639777   53.8676132212
556   35.6577276843   1.42616786509   30.8829773729
557   59.8205083822   47.7731861767   55.877088517
558   19.9034168961   27.615103762   15.4023616219
559   16.1598170219   7.54334661911   37.1536983265
560   50.3516199125   50.5927897574   20.0247493448
561   27.7910736256   32.7183416546   61.0645443044
562   10.0258278247   7.22540217773   11.8192687406
563   31.8776517518   56.3572204804   51.0459273544
564   59.6693594114   34.1466809052   30.2686521603
565   13.934069307   50.6434263222   19.6263085513
566   54.1836849975   17.4645517677   18.7311072199
567   17.9967106006   15.2888379601   45.3592595913
568   38.9377260936   46.3129743649   66.1259051051
569   45.3490364577   64.1905722276   16.7471001021
570   62.620492813   23.3255518279   43.6342160552
571   40.3581366235   27.8422049242   35.7987496264
572   23.7197498116   47.9987747914   60.1939025279
573   13.5212710449   3.58593229128   32.3716732839
574   62.4110136458   55.200005469   45.070618211
575   12.6181703681   2.67388978321   3.22491149838
576   32.0494620549   57.9572597213   30.3155312245
577   56.8621286927   38.1966190629   19.2743239217
578   54.1467736349   26.3785475415   38.3605947139
579   20.2151325209   6.86349855904   4.49598637651
580   35.1188106922   30.4068172881   16.0724527609
581   45.9169304378   31.0666476645   47.596617228
582   61.0275369734   10.4578287449   18.5508774834
583   22.7678980693   32.8822803483   55.956261974
584   33.7717948054   21.1137666325   16.5872266071
585   63.913868698   38.6996537001   26.6770083259
586   33.604953215   3.85076945544   1.75605993987
587   0.580495591799   57.1890631728   9.77153612601
588   24.0730149023   22.1286939208   46.1839518672
589   4.16246327686   62.5346430509   34.0440505758
590   33.3368464919   62.4842616597   48.9244471787
591   20.543391812   3.79779426048   30.8445930081
592   17.0919935159   51.675433397   48.9713943099
593   61.4759983153   59.5759965745   38.6781881144
594   38.6849902748   40.6329832337   61.8518611465
595   48.8084286084   17.4913090184   48.6884310061
596   48.800625096   56.7735722782   42.7710765634
597   12.3414377718   14.2305414454   65.6187381993
598   59.1996394268   13.0016387942   5.16871227552
599   21.5086963305   21.1946837876   26.6123932996
600   17.7944797277   22.8901511777   37.326176728
601   16.648953745   24.5802617673   9.4589356134
602   21.2861011888   30.3674340722   24.8756957735
603   37.1560977363   35.7446178907   33.6976557999
604   44.1242061403   0.764179758328   53.0850003199
605   58.6197810573   8.10704508931   39.924240391
606   32.3348200138   26.0744026441   20.9347239569
607   27.2903181999   19.8426197523   22.646327159
608   45.8931077042   1.40936012988   29.095722491
609   13.2445529335   40.234565099   62.7421611571
610   57.5782912563   46.3467721822   6.87050902118
611   26.0619945062   54.291989465   55.1844094029
612   41.5544672401   6.91787968765   15.8031405931
613   55.5456677953   18.6095700072   27.2884119249
614   0.798121716947   33.0764514288   49.1018834072
615   56.6026511312   5.386600295   16.8850321727
616   62.6936556743   12.6954093792   36.843563421
617   4.79103068368   22.4478530954   51.456847811
618   66.8860959469   14.4657804574   9.05985540327
619   25.1240576407   44.7992391559   24.5980133142
620   63.9257816616   0.021954394325   10.7708022271
621   5.47415290226   54.4239153154   5.12384607948
622   1.00249956079   67.9053049146   54.5749262066
623   56.0099223928   31.2692004176   10.650510496
624   22.842855311   6.12276995954   55.3328294862
625   11.8643661268   66.7247850692   26.3060892394
626   48.2236985878   66.9967852283   46.5724280833
627   30.3793544818   50.5864930704   13.8335894444
628   32.1965731458   15.5289945935   2.37751620339
629   64.2320755936   61.783881391   65.1402615643
630   50.0685340793   67.5308577913   35.1126300378
631   4.78781033408   26.1926734009   57.1286719222
632   15.8383681234   7.18718387148   66.4001590608
633   53.5700766732   8.42582737715   6.349312853
634   59.7590024657   5.50711913266   2.47859078985
635   45.5835627864   48.3666906242   66.8980226447
636   8.533201161   59.1390363929   67.5932185786
637   36.6828357597   34.8882713421   10.5813965958
638   15.7476379679   26.4502014825   62.9501859464
639   54.8810437125   67.7419962487   60.7097857192
640   25.7991276787   26.9062937216   18.882491908
641   63.975223188   50.1805078336   32.2183754764
642   58.9100290544   50.6172279389   25.9997337424
643   27.0926465541   15.4497536335   66.0497847918
644   57.0529770772   62.3896968185   43.9893853256
645   54.0901298655   18.3740130568   7.65057561966
646   11.7354642572   43.7277662965   55.1015806304
647   2.3478216968   16.0765089441   15.5801817356
648   47.9715276243   25.1709070711   60.9485949802
649   47.1607923208   11.3013633163   44.0555809813
650   36.4619532993   24.8224657553   10.7514196994
651   52.6521945126   56.9398115581   4.74972492369
652   44.8659599422   42.4991812285   42.7701991542
653   52.8219067232   42.3438315609   40.7216714691
654   47.103528841   43.6985504577   11.1507689557
655   51.7387401992   37.5962574636   58.1726105206
656   17.4260291277   3.08010337182   51.3630694217
657   30.3851031156   49.9927246614   35.1436257687
658   6.47268120388   50.0239605966   46.4076251376
659   49.8167357791   31.9692018429   63.4366941294
660   43.0333326885   18.6310612877   25.7414399082
661   22.7740194985   33.5027228848   11.9607597956
662   17.5547923609   32.4499938363   51.0071157094
663   49.3210534461   24.2823306138   47.1082480024
664   11.5607313276   34.0450666813   55.3808729602
665   26.6743586351   2.74706032694   1.84212731235
666   42.3687186182   19.9944314923   60.0724972561
667   50.0551564575   21.8281070776   25.4137939497
668   38.6531502757   16.5044237131   47.4032077716
669   23.3293538499   55.0359091959   61.6963316282
670   63.8530116682   31.8969737445   64.2918326756
671   3.09863035234   21.5196957438   20.6311913678
672   56.9756731063   51.233823198   60.7939966726
673   54.568370849   21.3165927896   0.322346353296
674   2.92508471966   14.9581121565   42.9147084164
675   1.56559022439   10.0359549634   24.6699932847
676   42.6684254847   29.3064137021   10.1924143151
677   1.00986087719   44.587765066   48.0285683255
678   1.31809246912   44.8169031194   17.2611808143
679   25.7266909874   62.4953599127   63.3599102585
680   29.3408001325   48.2164365174   57.5426288029
681   36.8015922355   40.2886564199   27.7305114008
682   30.1788054828   19.102334682   44.4659474515
683   53.4259196194   6.19559151153   43.0126845034
684   12.5851330826   43.071030503   39.255684307
685   67.3509964955   15.4264322828   62.7564489331
686   12.0723191337   52.2173843416   1.48564354735
687   53.7030876535   35.720484492   6.10131821271
688   57.252662018   47.5077493307   43.8288305134
689   44.4103683172   49.1968833522   32.8272139336
690   36.1153519742   0.775448771726   7.97782294117
691   41.4239297135   33.5388286836   15.3839708189
692   64.7479710403   64.5259706006   33.1742119045
693   2.81917956092   8.06036788713   10.6552672442
694   60.363613814   0.406216167257   29.2784333875
695   43.378178486   22.6776466284   67.0917336755
696   31.621247828   44.9610869816   1.30604269194
697   52.4156105537   61.4080562563   13.0489601323
698   52.2077483435   66.8257502636   40.9275662918
699   63.6262274073   45.6811447175   1.96516980366
700   49.0618872928   55.8704911918   26.2246075129
701   48.833152039   34.496256656   28.063853721
702   42.6662598263   34.011017594   37.3646227153
703   8.04737640276   34.9678622025   62.2744515042
704   43.6992076666   6.63829462776   38.2658320777
705   63.0401732611   28.3567651003   16.4470274556
706   21.521179312   13.4765977858   1.9708721759
707   63.5282140861   2.2390580695   66.7802792692
708   14.0876120129   9.66950476588   27.5786037345
709   44.6141988259   56.3379808226   33.5965128247
710   10.485797677   35.6997928452   7.37744539763
711   54.549278349   59.2792357551   38.6939281624
712   66.3014412788   56.9507132271   3.1098146699
713   53.3301767801   40.2613986577   13.7148662086
714   16.3824822887   32.237780066   11.6374483957
715   60.4836298161   32.1777344025   22.6812492872
716   22.8876372537   66.5468310507   56.3705360337
717   0.070265872068   22.3062362385   3.25685501183
718   5.93377827834   15.2505869033   62.0333544854
719   24.5065190066   46.9226028809   43.3052889059
720   11.5111186623   22.6007160964   56.1735003847
721   60.8086026038   10.0992423662   58.2765998373
722   58.8844130375   59.0901758001   4.48306863689
723   30.8697496166   12.7899482295   17.5742289182
724   43.376765004   9.07464070672   30.7042361446
725   66.43005903   22.4458558746   31.5358902716
726   44.8118120605   49.5814918977   39.6278524935
727   23.6244038575   42.6449498229   56.0970487566
728   39.3619637632   64.6991638841   47.1165785332
729   13.010024916   25.3991068317   49.4552762517
730   16.1419946454   2.98318539043   25.1727913893
731   43.5745877565   41.375580165   29.3391604942
732   31.2087317591   64.8221300831   28.047845507
733   54.7292876915   32.698433642   35.9655016064
734   64.2573323795   19.3446888376   50.5909568068
735   3.41168851994   37.877249288   20.5934103356
736   39.5498102867   64.0964532051   21.3334527527
737   48.8861564891   5.12797574198   49.3007361144
738   2.93532367682   33.5342470872   56.2174510932
739   68.0096953931   44.889914305   34.0377287131
740   31.8958382471   4.65554525606   11.3134106992
741   4.08688401973   36.005632533   30.3120986483
742   1.29391517751   36.828969938   37.2686881437
743   26.6097312024   50.7807504464   0.127926165494
744   10.3240590098   3.50322999524   19.0397511325
745   60.8558498528   20.8628980073   10.0814653973
746   27.07095462   42.9541376927   65.1808533301
747   49.2599072996   33.7029291547   1.86209249078
748   17.1996542264   55.3839825186   5.11288137706
749   65.8773543887   15.9315794832   20.1231571484
750   60.4146887195   61.0069621979   28.6381482709
751   52.5497832943   55.1277091496   14.0898996354
752   21.425578917   53.4531256514   10.9163160742
753   18.5571169557   33.944834538   17.7782490935
754   4.46612772696   58.1470226222   60.1650077781
755   38.4921691946   64.1845116707   58.3423321603
756   68.0255176027   63.8076571322   49.0178058381
757   50.3854883331   11.7474622262   15.3710457635
758   34.6501736048   60.894918787   65.238665606
759   2.3696047595   38.3325112799   45.2629368848
760   31.2726100198   40.1553143885   22.6217347912
761   1.71634355342   29.9915484742   61.9892675052
762   14.9305872641   65.7611810975   20.5756194554
763   58.15687344   43.1344728034   60.393269253
764   41.8862501911   35.7033168332   66.1172858311
765   12.8292749359   25.990890414   27.2498133576
766   66.637636663   30.3685170948   4.19748214613
767   30.1312641545   38.350323793   55.7751197001
768   56.3629673349   10.2191415066   33.5224837226
769   42.042541405   3.82528173431   59.3499671496
770   7.46895481061   25.3276786744   13.9196987921
771   57.683587214   39.2764310664   0.892577854448
772   54.7384820199   26.970514688   23.2107391972
773   40.3650315717   7.08261422716   51.1112469589
774   10.4454326111   36.9122119972   19.196424445
775   47.7047879364   61.7507134138   38.0503754121
776   2.06465535258   1.20233630031   36.2131280474
777   47.5286510664   38.2314236201   62.875784223
778   22.0081658145   26.3847135453   67.4286640833
779   33.7775463978   28.2372929774   31.508173231
780   61.5129221898   15.1498509604   14.6934596021
781   24.8884612984   12.0577352608   10.6487408916
782   55.2095402502   2.02733977201   66.9313148934
783   52.7447740279   33.4397197965   17.6546245072
784   1.00217323158   67.0933370619   1.00801236585
785   20.8929292492   29.066542467   6.39995607419
786   46.7953360443   49.0177320553   5.72563999131
787   5.31428126305   41.7900685546   6.43261277647
788   46.7346552801   41.2784396714   56.4271643507
789   18.964431634   0.768357050195   1.88209155373
790   34.2918024903   53.0648228217   23.9111518827
791   27.0356869169   17.5321455212   38.4025600794
792   49.0208896064   39.2847030179   23.3168082299
793   47.0353694482   58.0337197286   7.8741366151
794   63.8024462436   14.7811018731   26.0488212123
795   29.5062350064   40.294573046   28.8460943046
796   5.85974536107   62.3939780033   46.0219882932
797   26.7629574109   64.8752078017   44.9568076492
798   42.1815581553   60.5120430867   65.0042565883
799   1.17638091313   22.7911138609   38.5671609401
800   20.76821013   36.033008116   29.2080147581
801   58.0281516363   4.33698539986   9.68492742581
802   46.0752204496   28.7984860734   55.3507883537
803   19.3030590336   43.2151924939   35.4109868761
804   19.7013117588   0.794394776942   16.8089567647
805   32.7531404889   22.3818983297   2.12907750552
806   62.1355700561   41.5118119848   55.1100219587
807   56.3004040181   60.3759370112   59.8882915651
808   67.4655908536   11.190820058   57.611898681
809   50.5971593968   44.0377242607   67.8999130181
810   42.3574990007   35.5444268776   5.12147324871
811   40.4761470505   50.3650326241   44.7463438174
812   47.8808438911   57.1504641853   0.241243503316
813   42.8071196952   66.3281367329   8.81280944172
814   35.6091731536   33.4044862939   60.8865961754
815   7.16116567659   33.6648569364   14.639673479
816   25.6985352417   34.1209071133   18.2659294311
817   26.2500407362   60.8366756949   26.4666009917
818   38.8811072395   45.9613873149   34.2029546735
819   60.0047069895   66.8677094323   4.63040157347
820   20.2972084591   13.419106647   37.4185932269
821   43.1086917047   56.5288991426   46.9651434346
822   16.1420507915   38.7970295792   13.8510566897
823   20.8207486768   56.2052562015   27.0195084765
824   22.2408765547   14.0943748782   18.3545883502
825   64.9310108158   48.9090001453   45.1806041698
826   17.4474359406   12.8270099633   57.6017866148
827   50.6213337063   32.4733700153   42.726702227
828   18.3481912665   43.3519330634   43.047287358
829   19.1385457347   18.3932041732   7.24897256525
830   65.9225487825   55.4394709532   55.4931876348
831   19.3169679379   20.256292796   16.3421784413
832   64.2769629172   5.53821916191   23.1017667811
833   38.0341702999   62.5799728221   28.8374453849
834   27.9086079158   0.935292082063   20.6279081692
835   6.10063227565   17.7469858922   0.908020172164
836   58.9976245151   23.7158553594   53.1473074241
837   64.3176169538   8.14029715602   10.1651866392
838   57.4912600026   60.5278709176   17.7354620042
839   9.52904023183   60.3951424993   28.6829294928
840   46.5908712302   64.1207190453   3.28826754188
841   59.0951647392   21.1324302755   21.5465052929
842   25.9905752691   37.7932983868   40.8393238992
843   43.8633274228   0.30869186522   66.6641966839
844   33.3539634661   45.8421492247   62.4013857453
845   51.7310643152   59.4414057825   19.4863735835
846   65.3642013285   38.5859463118   3.85826714188
847   47.2585569872   62.3012518994   24.046360003
848   0.78058153726   4.70259976891   29.3032069738
849   4.35853872932   25.7514996627   26.4182175698
850   21.4683325681   40.113146923   19.1137382097
851   57.2192485064   62.943469958   66.8768422085
852   34.2229966476   22.8893348751   49.1713307629
853   48.7333479905   54.1533342373   49.084895357
854   6.97892623013   48.8471089786   20.6165036849
855   67.0426338758   32.2243319895   42.0279186986
856   28.9021643798   57.0520570093   66.2656816023
857   5.55942165781   63.5780688958   56.0153602332
858   17.8434862927   56.5472904868   54.8666236967
859   27.6974736575   60.168570652   12.4794002451
860   35.4093949114   43.1029161372   56.5659075196
861   61.1715849193   59.8479620912   49.6922354809
862   55.1474220564   19.315844019   49.6234420379
863   15.3720529751   42.922674304   19.4326857772
864   -16.939455249   1.37977372734   4.63535110063
865   6.15386638769   7.34762142657   -10.4473359137
866   5.04812162136   1.21247461008   5.82316462011
867   1.82750923865   5.50180301497   -1.03055502315
868   -3.4240677278   -14.0745504263   -0.548472705716
869   -9.48199683455   6.6387149335   -3.77911324425
870   14.6432287332   -13.0966667588   -11.0853793866
871   0.681192466044   -3.62146628813   7.51997636834
872   8.21797073845   3.35554171811   -2.84087498486
873   -1.83442079641   0.05026887034   -5.64750259052
874   1.72228887531   0.309295852338   -4.58804474701
875   3.07600948063   10.1061919071   -3.00861058768
876   -16.3562507576   -1.45278653346   9.11885888677
877   3.22091574778   -7.03374929871   -2.14793111351
878   2.99986503054   -2.76407165131   0.000586143503
879   -5.04880518697   -1.05026550891   0.78677122207
880   15.0599724231   0.033920985673   9.83696802047
881   -14.2525091501   3.36489809738   29.2455706257
882   6.9175494562   6.48976066253   1.84489072431
883   -7.85937358625   -9.66706868712   16.7459550256
884   9.84195228954   2.33584333312   -11.1286394121
885   4.4384572121   6.5919390356   16.8534520195
886   -5.2320077567   -19.6022723021   4.23870300554
887   -4.11603197511   18.3707678132   -6.32165835576
888   -6.99199915685   9.63263123591   1.32724799411
889   24.0587296787   -9.63571324767   -2.56396156225
890   15.3033488349   -1.13146975714   -5.82467274238
891   -7.94230445846   -0.564265671252   3.88322691409
892   4.12573414016   12.231459615   -1.67127367657
893   14.6311543695   4.12826074857   -12.0952344396
894   -2.09530936099   0.69340311186   13.5541369046
895   -6.46603162448   -7.68019486774   -1.91264587643
896   7.63448316237   4.12190472971   13.9758408578
897   -11.3458190742   -0.564306477947   14.8689272361
898   1.68608730943   -13.1795022622   -6.23310156332
899   -15.1412253988   6.02541622941   -11.3208496631
900   20.9648954874   6.95136852105   21.3974818908
901   0.569113648579   5.76588498157   -1.09659972872
902   -1.95593546959   12.2753427652   -12.6358993247
903   7.66673837738   -6.18812222476   -13.6196854099
904   5.59890921015   12.5650082593   -1.8956937878
905   -3.86031380944   2.77059198615   9.6772524033
906   -8.53660047683   1.49394498863   -8.88669834905
907   -17.1280997543   6.72567545461   -3.47159053708
908   -21.555862817   4.2409975967   11.9460608576
909   1.601204651   -8.90361138306   -4.22364836107
910   2.11230495676   -14.4984653143   13.1516255461
911   -2.66418889909   8.77439413598   11.7169057266
912   -6.85051280596   11.0440053238   14.8257269801
913   4.77179477563   -3.31145854121   1.28465764419
914   1.51766774856   -4.84647408933   -16.2956773097
915   -0.067242580718   4.91763816894   4.6871066248
916   3.94749936154   -4.00768917796   -3.49834561741
917   11.1142844035   5.56093204575   -2.18154117809
918   -1.19752759185   4.72117053167   -5.73190701538
919   -7.09349554685   11.1882464819   10.1061408444
920   -11.9445055817   12.6221215585   -6.23543670959
921   -9.4610025288   4.02885897649   3.69259098165
922   -5.01816132779   -5.90763415804   23.3305413107
923   -10.7105099324   -4.29106119715   0.129949096451
924   -23.3024593324   -8.24950283898   -1.02431915763
925   15.8974491979   14.5963084978   -7.77557410594
926   8.74583922505   0.856447659256   -1.04982342393
927   -0.995981707309   13.3335673693   8.86654108698
928   -1.0303181328   14.2816185845   2.3287208718
929   5.8365948444   4.86938737433   -0.297889502572
930   -4.56614218428   0.668824358447   2.74619322442
931   -10.1343028794   -2.27352484538   -0.746867711367
932   2.81079516414   4.06123660095   -1.03415970937
933   -2.1413345534   -12.1482865387   -18.4881750425
934   6.48112286884   -2.91920128877   4.15529773659
935   3.89581516588   -11.6295400992   -3.04386105493
936   -15.6972084714   10.8091660443   7.4517053599
937   6.43951616626   7.05163359127   2.82649313784
938   -4.90020332019   -11.730946178   -5.78578646496
939   -8.89994799097   -0.864446911962   23.8708648904
940   -23.0100867419   -15.862456136   5.82033304259
941   -10.3565335927   10.2680907402   0.200097318689
942   16.2715840548   -7.16871669891   8.26715756871
943   -11.2574714718   -10.7588597998   -12.9673638796
944   5.04989191039   13.9875165623   -13.4105224412
945   -1.77549517799   -3.65939855059   -1.16565130744
946   -15.5695737989   -6.48353556453   2.55586307056
947   3.72258782683   9.57682475328   -10.4031918058
948   -2.47142221412   14.0821129233   0.000364619106
949   -15.9702414724   5.56473539104   -9.18711811444
950   3.46770386311   3.7615549959   8.00658949108
951   -1.66998759235   -6.13328512192   -3.61652608241
952   10.4103245442   -3.77459953158   12.6342359692
953   -3.00495521341   -3.73226669113   1.95016889402
954   2.05382110036   -3.521284928   5.41987314039
955   0.53336781141   -1.55859249902   1.70736794711
956   6.39716714462   7.12616956168   4.01197898968
957   17.3898963048   -8.63413729506   -2.52718941714
958   7.57154710167   1.83711378448   -5.02382462383
959   -3.68650669534   -9.74258643779   9.42791027875
960   1.1873398337   11.2861644595   -18.0250591393
961   -3.69161676021   -0.840960707251   20.5376672423
962   -12.2164550584   1.26677456753   -13.7607143628
963   -12.9922308098   -14.5663525605   -2.03635048447
964   -8.59054960962   -1.24613994512   7.08407548188
965   13.2073544368   -6.75772418423   -1.41743801964
966   -16.2985375867   15.9841792965   7.2035479918
967   0.430903429139   -3.33425861556   -2.65212480407
968   -5.99897813003   -1.40849757034   -15.0893059871
969   7.64657190574   0.862516233189   11.8756562826
970   -11.9730542065   4.1130376741   2.18358760439
971   15.6871944913   0.397832014041   -8.9992940628
972   -1.9583391762   -5.24924007665   10.1244797076
973   -12.2152433114   3.0526037686   -6.42699459575
974   0.305447656567   -7.22139835891   7.19898072922
975   4.0556416224   9.08839731776   -2.82929541931
976   -1.39476535621   -17.5589644211   -3.28572965214
977   -1.14715410164   2.14543834518   -3.29666145038
978   -3.52331955756   -16.7714193358   11.8099124544
979   11.3742132696   -10.8954114518   -7.62619864254
980   1.60693290895   -5.2829489527   7.80277503001
981   -19.017216069   4.35451390772   1.3109482212
982   -7.26352223559   -8.74519951217   2.86091619644
983   -13.4645497475   -0.603202309647   12.1307679504
984   6.63234260875   3.26282992914   3.87433659959
985   -1.15115605884   5.57389177477   -2.87966012597
986   2.96282171932   8.01420287505   3.46230713302
987   -3.50629391279   0.297260611748   1.4952255412
988   10.4513891092   -14.1023122998   6.41556936351
989   -0.861104390514   5.61700444352   -1.31896935326
990   -0.201822216909   -2.62566846589   3.06162545508
991   -12.5664341714   -25.2642639214   -3.74560582428
992   -0.386216543161   10.9525528303   2.93042247375
993   -14.4231483905   -9.45396857016   0.842821657243
994   2.43143989102   9.03506859222   3.56110453008
995   -16.2780625744   -4.19065590058   8.68659739484
996   -6.49473393299   5.70270777337   -3.02258701618
997   3.48425355395   15.3914945931   -10.5673310787
998   -16.6866538755   -6.7832023623   -8.14818861784
999   0.360207143981   -0.600651776443   -1.60469244768
1000   -12.8386320156   2.92379680801   1.71160856124
1001   1.39609754878   0.112807675594   -21.6039258853
1002   -4.05106253804   16.3234124632   -3.67620294875
1003   9.85834292912   -0.665378389242   9.43123181118
1004   2.97305058421   -10.8055775783   -13.6330241771
1005   1.14214554934   -0.234752749926   25.0210151844
1006   -13.9701570466   -2.77972147713   -1.00726158219
1007   0.463282178384   1.71567570982   7.72590331347
1008   -9.46528083159   4.41691230995   1.86829675699
1009   2.90963868557   1.031893976   14.2621247859
1010   2.79012552203   -3.86517392296   4.63364131864
1011   -4.33232972686   -2.68771620428   6.54348223895
1012   7.86065162121   14.2621986912   -12.1939667827
1013   5.59525778336   -14.0233802546   -14.1700425926
1014   13.6058263276   7.70772176507   -7.64344494064
1015   -3.68961730929   4.58812450299   -19.8634977828
1016   0.590644505505   4.62147572263   2.34663040714
1017   -5.81347080045   -4.2735620668   -1.87247155067
1018   3.78695965568   0.732557475859   -22.3921805061
1019   1.6915863936   -4.35857884773   8.6147858678
1020   12.7401015581   -24.8298053158   -6.67301825721
1021   15.1007803171   10.6331178187   -26.96714828
1022   -8.48458547825   0.266983366639   -3.46234628151
1023   -1.34364180189   2.77344088291   -4.46264975914
1024   -0.906740269192   9.80479198927   -11.2689644661
1025   -4.23245693343   1.86904175605   -7.20383987722
1026   -5.27695946268   5.6110236772   4.84753255883
1027   -11.0459408997   9.60571115086   -1.06145188225
1028   -8.10979620052   13.3313304123   -5.21775336515
1029   4.78353976263   3.98131496232   1.13751579437
1030   0.212977379534   12.2952046808   0.105327495041
1031   6.22410902279   -1.21998614402   6.37050540799
1032   -3.8688840695   6.82431068079   0.52239867796
1033   6.81380139249   6.12593685315   1.83164057936
1034   -0.590736618963   -0.822521775581   8.29583160677
1035   -6.89065474332   4.22539810152   -6.86440538146
1036   -5.71620609944   -5.92798481024   -5.39703406843
1037   12.6816152755   -5.56546388726   9.45150983384
1038   16.278499409   -10.1841402467   18.4562133988
1039   3.76929535655   -2.55788411278   1.30694365649
1040   17.7341056428   -3.67770886235   5.34115899564
1041   15.9168842466   -18.0551011179   4.42872275581
1042   -14.6322986986   -10.2919610105   -3.32795340185
1043   -11.624515224   -2.20858560862   -3.47840184438
1044   5.2976340765   6.30751637312   11.0605612109
1045   7.47114227374   -7.02955418903   8.77411974417
1046   13.1462139574   7.00412357273   -20.1200769012
1047   -0.949595873992   1.00779117258   -4.62825670955
1048   8.15611550157   -6.16948834578   -6.55310598906
1049   -13.6364532306   11.6257054203   -9.55251404193
1050   9.72696008362   6.02058170891   6.75613377785
1051   5.3300007266   5.35259044711   -4.60600411758
1052   4.47206257049   -4.44271712189   3.516670389
1053   3.9634923193   13.5134781807   0.069591382636
1054   -5.39640782307   4.28015476923   2.43815888917
1055   4.50198303912   -2.81893330411   -4.0459462964
1056   12.9930151996   -1.13536150861   9.77842209127
1057   -3.26740829606   7.67048109097   6.04589683461
1058   -3.21784712051   -3.31453927407   0.567797089614
1059   16.625242363   6.00217153129   7.41706846701
1060   2.36391696279   -0.741246508559   -8.66741483219
1061   4.5628815229   -3.05781330984   5.22468071165
1062   8.56901232804   -17.3435844425   -1.13827128196
1063   15.1309297645   0.388487073009   -10.8525588171
1064   16.8569836524   -13.978390309   5.81013286388
1065   -7.99001577811   0.641899210622   9.19914170367
1066   -15.6980542452   4.52197929963   -0.798022112506
1067   -12.7831192851   7.87290689622   8.92353959966
1068   9.81458627439   -0.728479529228   -1.31198505407
1069   -11.801070486   10.908559158   -8.15942912691
1070   4.82300160889   -15.8844012187   -6.95335318568
1071   -1.65170590679   -1.6662199829   6.59305372486
1072   6.36160704231   -2.17056016314   -0.727632854539
1073   4.99385931802   17.0105297502   -2.77008700406
1074   -2.54542358723   -1.14697848943   -11.0531292365
1075   3.0773592398   7.11539850737   -6.91543584502
1076   10.1134703861   21.1604515605   -3.42587732378
1077   0.144275459262   6.11258603842   -9.6013272964
1078   -5.95676652024   -11.0734067551   -16.6169995507
1079   -21.7861660917   2.00857114481   15.2886089073
1080   -2.47677387804   -3.4345499767   -6.9929639859
1081   -15.1373623296   11.6209380234   4.80698605718
1082   -3.89591740294   -13.1058778188   1.3847064468
1083   -3.01503373542   8.4813617556   2.08461327085
1084   -8.12653351706   -7.26386928512   10.4234603022
1085   -8.65758516476   -6.76350766439   12.7495116637
1086   8.91384209562   -3.62544575216   14.0944443736
1087   -10.2320960144   -4.04487105886   5.03752625354
1088   -2.75535092515   -2.55867459791   2.68349489756
1089   -0.907926303783   6.53927686061   -4.89810412346
1090   7.53047943452   -9.04799174876   15.5190097403
1091   7.2587418797   -6.77341058649   3.43666955792
1092   6.08133280264   8.98839922627   19.4381437433
1093   0.192445605284   0.535592187212   11.6523986704
1094   -2.53010142335   -7.78836887645   -5.82955147069
1095   -13.7651145334   -3.38756907432   7.31364415395
1096   22.0824085793   9.56864808058   9.9089102029
1097   10.1438172059   11.2614219954   1.04642846579
1098   -5.61140066303   3.9919495863   -23.2220646678
1099   11.2043509655   3.5958862989   4.80792576857
1100   0.586739315182   -3.10510731352   0.140767476477
1101   -8.17173005144   0.325478017559   -10.5955716978
1102   -0.660769910826   -0.924103853827   -6.96169543611
1103   -3.51237617276   3.70106347659   -1.53856670103
1104   -16.0453050502   -0.629630096967   2.16981045157
1105   -1.27515788818   -1.19234111283   4.19105130101
1106   -4.36164394932   7.92813935689   7.23517055295
1107   26.21708976   1.88173221022   -4.85695415745
1108   -1.31326450541   -6.07475452842   -25.3083146137
1109   -0.143505194183   6.76930880525   5.02615084317
1110   -8.81989426394   -2.41036311845   16.1128418118
1111   9.16849425995   -18.450446015   -7.17229094805
1112   3.45701171739   2.71242740175   -17.6564096303
1113   -6.57993124959   -9.55470282486   -1.28126152308
1114   1.21007359449   -20.139528742   1.69124792316
1115   -1.16766972698   2.94594478896   -21.6026586018
1116   1.18304312184   -9.65682077265   -11.0121927066
1117   5.24845986447   -9.08874487626   13.6721546663
1118   15.5586574687   -11.7146862828   19.6808914606
1119   -7.55890450444   -10.0381138475   7.7187179425
1120   -7.21404427747   -6.6602676604   1.96891719853
1121   19.532239982   -7.90735238932   5.93563746648
1122   4.71192622746   3.32901790047   18.5868089545
1123   15.7911407256   -3.27922995778   7.92754157487
1124   -11.0771488525   5.8436142173   -3.72151126227
1125   -1.37327728089   -2.82446348192   12.3061131426
1126   23.1585023731   -5.08962271838   9.29019779723
1127   11.2995548174   -5.17518204352   14.6498664842
1128   -5.04501074683   1.62891918283   6.10312598603
1129   7.00345760278   -5.11002776303   -0.45403885004
1130   6.89974242685   2.90486506571   -12.3981337675
1131   3.03320012859   7.91819916157   1.65660138967
1132   -3.63691329086   -12.3376791606   4.74396636776
1133   2.06732095977   -11.0864597523   -0.716483943618
1134   -4.23075605854   -5.88892774891   -18.8922932758
1135   -6.64528519266   -6.79876368381   -4.47357299278
1136   -9.8026507207   -11.146696494   -0.271586458241
1137   -4.79195188683   -6.63904499518   1.44608401422
1138   -1.22460077366   17.0176006134   12.2816828616
1139   10.5354598917   11.4166532772   1.33194269441
1140   13.3162161856   9.85445373733   21.3574873005
1141   -4.38917338059   -15.0812413039   -4.97203086806
1142   10.4097142406   -5.29399848524   7.02644025813
1143   -5.66217377868   1.60114030102   -2.66302547324
1144   -9.45549903396   -1.30477833363   6.3845092612
1145   -2.07419577072   13.4814160863   2.07815505463
1146   -12.73296556   -14.0554342816   4.06244419725
1147   -11.394038191   11.2339836934   -8.69036876722
1148   13.159883534   -7.72942102957   2.78818030277
1149   12.6699851494   3.92633532121   -11.7785861568
1150   2.97854180589   -3.95581886181   1.00041114241
1151   -6.07890010669   6.28349927977   -3.11459002553
1152   3.63841466323   -4.08169698768   -2.73552844926
1153   1.55607036151   1.17297726694   5.16012950181
1154   -4.92612416786   -4.01967161229   2.83321710633
1155   5.66849005658   -12.6201978554   -2.25275413638
1156   -14.5486458918   21.420987361   -8.94693880908
1157   -6.88375083321   12.3194163866   3.49932095973
1158   -16.8404466644   0.907440534185   -7.91572033629
1159   -4.23291922686   -21.2268835576   -0.180297518704
1160   8.67724977505   -0.096589490573   0.33951625202
1161   -7.30945505554   -8.11963361898   -0.150613046647
1162   -10.581723115   0.007352086814   2.02679702271
1163   -13.1605021811   -19.5361006875   0.866087353968
1164   -9.09710092362   -8.04839817038   -0.877558240859
1165   -1.71200383337   -4.90703702619   0.41672875675
1166   -11.6160933736   -6.94466914415   -3.78345185034
1167   5.65209025179   0.876581984625   4.17953483187
1168   10.0859141283   -4.20306567497   -7.77507900544
1169   13.0851913143   -8.73669020005   -15.7886914392
1170   7.05578117266   2.56804582913   -7.67143537261
1171   -13.7202220896   -2.3089413029   -7.87917949475
1172   -10.8648483546   11.9715325512   -15.2902485356
1173   19.5281537437   -7.13607067113   -10.0122524849
1174   3.74706012812   1.91689172055   5.86049325882
1175   3.80446356967   -1.68666680251   -9.05597200028
1176   0.149564929982   2.73783152171   -9.87588108568
1177   1.4703437075   0.455346680379   -0.60782416535
1178   5.37110852867   9.17068968882   15.7122753377
1179   -9.32049906346   -6.29828260314   -0.457772877065
1180   -0.571506995582   8.8003195253   12.5839645793
1181   -12.7596240827   -3.19453786838   5.5856887433
1182   5.34060029863   0.423429406329   -19.1831749061
1183   -0.865064523956   -7.6883092888   11.2565844469
1184   18.2726331032   -10.8239201562   -4.92084530679
1185   2.37790522945   -2.072330538   0.778632293634
1186   -0.381692898273   -5.1260835086   8.36628230878
1187   10.2694381177   -7.08242988866   -7.7752561947
1188   0.437734849669   1.70829094077   2.21565376798
1189   -5.42863413026   -6.0216898883   1.27559691364
1190   -3.22077947188   15.7926924367   0.760659821284
1191   0.915828996255   -9.66186212937   1.74829981932
1192   -4.32800274315   7.05629511805   9.13172545918
1193   4.80038981842   -13.9953657325   -12.2661945494
1194   1.70306560963   -6.13957197007   19.1470742048
1195   9.24181313307   22.57942131   -15.5258778547
1196   -4.29414949594   9.93322384187   -9.06092496655
1197   -12.3548315409   -10.3558044368   16.7242586047
1198   4.18183436022   -1.09522432234   7.67396813202
1199   6.07761995848   -15.3404118368   0.859188566709
1200   -10.9302505471   -7.02678382856   -7.4091785562
1201   6.35177012423   -8.73524598588   0.457579369687
1202   -5.34737934262   -15.9877345283   -4.05132180515
1203   -13.0520093943   -3.17283774366   4.36370930224
1204   7.92933953498   -19.3829546485   16.8084565627
1205   -7.4165946519   -1.99198804858   -5.10954795748
1206   -2.17912716238   0.806578049977   -20.7920795098
1207   7.07798111556   10.1166367884   -9.09864536031
1208   -3.9256538947   4.21359721664   1.991491185
1209   5.37549023582   -7.81712697213   6.17200051778
1210   14.6498581621   3.72171983344   -14.5448351218
1211   3.63224693579   11.537884185   -3.01549844439
1212   3.1252038201   9.2286032526   8.46007842462
1213   5.01933664224   -6.98227486366   11.8897452819
1214   4.67134940648   1.34794063037   -0.020860888923
1215   -7.35889244074   1.68713362835   0.82182707662
1216   2.28154331471   -9.34734274784   -6.12121121634
1217   0.052855880251   -11.0013765078   6.80011862134
1218   11.0907036279   3.44078910182   4.54323109934
1219   1.08906894043   -11.5801366972   -7.16739231101
1220   9.3779723126   -15.426834633   4.2987904996
1221   14.8014933948   -8.7614520401   -14.3958801639
1222   -8.04291342515   4.72404252972   -8.17939518166
1223   6.28173838579   -8.58332035464   -3.25411890525
1224   -9.02527836092   -6.34577385976   -2.53474554902
1225   -1.50874811948   3.24000586324   -8.63658629566
1226   1.97478832282   16.5518564728   -10.5920851076
1227   -13.9200669955   10.2270937745   -14.3395763014
1228   7.17555528724   7.53757465692   -2.18685720375
1229   10.280433781   -2.13747904851   -3.00627611393
1230   5.08153725878   10.2351170056   -8.73477805705
1231   4.76255927282   1.07729594903   8.25335912878
1232   -14.2509866637   1.49002121338   -12.2929357938
1233   -6.53505008373   11.6564109795   8.18276257391
1234   0.773588600756   4.43948827284   -9.73526505316
1235   5.6128853368   8.09801996908   5.45107785931
1236   -5.59966622724   5.86226283512   -8.24608784572
1237   11.1988315796   -2.1701202703   16.0897805127
1238   -14.26834279   -7.40953345342   -4.68594867306
1239   -5.82739446377   10.5595546976   -6.01004276201
1240   -10.696443873   6.82815339884   -0.286116239499
1241   -1.88269082588   -0.149706241347   4.37019854594
1242   -7.61259210539   -12.2354892304   25.3465845476
1243   1.93136130179   -9.59053903993   0.906651798084
1244   0.497118462106   -2.3521122694   -4.22830706835
1245   -1.06020118337   7.48600635117   1.98283307852
1246   6.02399291107   -4.34524588641   0.982191174202
1247   -7.98076818039   1.56281888334   2.26229294112
1248   11.7076855943   -11.516346532   1.30873480179
1249   -0.444006339334   -3.72801915407   -2.46616070399
1250   5.56944064634   -19.0068415889   -7.12646843586
1251   -8.40287906516   7.84861425494   0.009669027546
1252   -2.89754177242   -19.7199276397   -1.9959835103
1253   -1.19763399201   -5.09816032692   4.74866598424
1254   -0.194969477613   -1.67949918353   -0.21129822715
1255   -2.24834398122   8.04097215284   3.0572973859
1256   11.0083141348   4.68009373175   -14.7171663092
1257   -8.94093316029   5.97694623501   9.06450395591
1258   -7.2731661072   -9.24935761153   2.80493134259
1259   8.19677182683   10.8867179705   -15.59201914
1260   -16.357542884   -7.2204304485   -6.17850345414
1261   -5.38027745964   2.09078464377   5.70782550798
1262   -3.84301799809   5.01335813889   -3.14289565225
1263   -8.99779617573   -14.4023266306   -4.87375153643
1264   0.804657076467   -9.07928734667   1.91853874517
1265   10.8054631922   0.349643261129   7.05586098925
1266   1.20330948673   2.68359890062   3.3688421478
1267   -18.9039438131   10.0771323355   9.69951247615
1268   4.09294208328   4.88367775664   -7.33182732197
1269   -0.572044650287   0.561470030655   -2.4194529002
1270   1.85073819904   -3.43399496453   -6.04594554496
1271   -12.5338626834   1.42500500836   -18.1434356028
1272   9.97922708679   4.64712339945   -3.59685051788
1273   9.58274885487   2.73913335256   -5.02405891237
1274   -5.57981597904   13.1934512785   4.79584149367
1275   1.16440652785   9.41645533049   -1.46992111425
1276   1.30497596926   -6.16717068226   -3.53820014832
1277   2.04020606136   -5.60821745312   8.56030761091
1278   16.0286577106   -15.7633983075   -9.42854786566
1279   6.09816381645   -3.16300762306   0.885755191547
1280   3.37554671883   -7.57290267028   16.9985267564
1281   9.13736135659   -9.45461061127   -14.3392489511
1282   1.30452210893   -0.714073016837   0.293460649743
1283   6.36852887447   4.40533909135   -17.5993201126
1284   10.3660670485   -6.53354694781   1.99250423151
1285   -8.92804502869   -16.7703100669   -0.50106671022
1286   -2.03352558328   -3.90521203492   -14.7627776228
1287   2.03841993299   4.74011954441   -1.96614060426
1288   5.05420293983   -1.75808506958   6.44352534346
1289   1.5809821416   -7.67862336664   13.1398870413
1290   -5.94898203823   -6.74365460728   -12.124288428
1291   -18.5731184078   -0.640421859275   18.6437518665
1292   9.79484923988   2.36211682773   3.3346488015
1293   9.23082819852   12.4053758524   11.0953964182
1294   -5.00641973247   2.72680272442   1.59485464031
1295   14.3734050336   10.4698321973   -9.23415217973
1296   15.2363702618   -6.14357537558   1.82408860873
1297   -0.132408727775   2.3526513016   -9.41445863517
1298   6.3804760196   -5.38370184655   -0.757423190859
1299   4.60868892966   0.264222164092   -8.77501522068
1300   2.88101850828   -0.745784871822   4.78905574606
1301   0.683643537719   3.19279720912   1.65871000542
1302   -2.7596085648   -12.7144600967   3.91376231927
1303   11.180597138   4.40132002544   0.987998941763
1304   10.9563001499   -6.48991392551   3.21478574674
1305   -8.38189136434   0.453358782106   10.2783106588
1306   -1.80704374767   7.60776742793   -1.59199036268
1307   -15.2188686234   1.39691984794   -5.93241751812
1308   -3.64721188021   -3.27316615617   2.58471596175
1309   1.40749526438   -1.26132205096   5.30671520819
1310   -1.55265219556   6.62738556049   4.41882142585
1311   -9.5717927697   9.99488203702   3.79557981494
1312   1.95814736615   -0.163827336664   1.63057590578
1313   5.38854756529   3.60527996621   9.24353330617
1314   -1.9449439725   10.044228085   1.09796483925
1315   4.84067027403   -3.22067060295   3.67404838527
1316   -0.360775332522   -1.96505715809   5.58283555594
1317   1.1922738012   4.36798289881   10.5171128246
1318   -6.69172022864   -13.0070184479   5.17344181855
1319   5.78036063929   13.0181032267   -2.46707345497
1320   6.35405267308   10.1764737417   12.137056681
1321   -11.6695227966   -4.56143501635   3.3962998673
1322   1.45577413802   -13.0233706003   5.67560134187
1323   -6.44429128236   10.6327778108   -5.70816908591
1324   13.223654346   -5.87004353288   3.95111293067
1325   15.6334535899   -17.0574753671   -18.791375461
1326   5.71768568497   5.33571764318   1.49267498285
1327   -9.61735886559   -1.52168676136   -16.8490038226
1328   3.16264343099   6.5022562749   3.3978143369
1329   -3.46577493779   -7.07667898479   15.0057355286
1330   -13.7001314017   8.65085759413   5.26775540795
1331   3.79048854188   -6.63656096604   12.8840318633
1332   -11.0870949184   12.7066394255   -12.9586625934
1333   14.6860224412   7.81819912334   0.971740282424
1334   10.0228563423   11.9669467547   1.61354291948
1335   -3.35459258687   13.6892184854   0.853323458863
1336   -3.8017024929   -8.99379711423   2.65657395278
1337   -0.457382442944   5.90689400518   -3.69094974449
1338   6.47125027199   -15.6552377554   13.3273854687
1339   -7.92044636307   11.2178230092   7.31606993707
1340   -11.0168617269   12.6825647861   -15.6567457426
1341   13.7471410719   -7.2186495287   13.1910330143
1342   -1.53743879795   15.6819286635   -7.09229369693
1343   3.49126444629   11.8584933999   8.50884737517
1344   7.8848859345   -12.7485907421   0.223996556605
1345   2.27810994306   3.72744141661   -1.50110576689
1346   5.91085853419   -3.91812486024   -1.79278242861
1347   -10.1984506571   11.0218225798   9.18087096631
1348   -14.562647821   -1.03229859169   12.6214567332
1349   -8.13272391479   -9.02846688745   5.04845174752
1350   15.141167579   -4.13771418772   1.28265223241
1351   3.25024912419   -9.96142339954   8.01480325602
1352   -10.7449788428   -1.56429105665   -4.29230405028
1353   -17.5817952964   4.83718523523   -11.8523109705
1354   7.62285918262   0.967740127157   4.89428248237
1355   7.34004911421   -6.10272989336   1.47851403333
1356   -7.01035286213   15.749112957   -7.92138010074
1357   12.512029375   8.0350522813   0.011852961563
1358   -5.524306073   -2.35207115702   5.68485807544
1359   7.11158007202   0.167733143877   17.1013247534
1360   4.91010039264   -4.08868988741   -12.4988355161
1361   -5.68024234718   3.39732925247   -2.64500626246
1362   3.70505195262   3.63949585867   7.57568803008
1363   0.211033742303   -0.934146462829   -5.25642535034
1364   2.92633725713   9.5611381827   6.91194790708
1365   9.93332836513   17.4480845532   2.35312706763
1366   10.7276086211   5.42540585782   -0.009003462237
1367   10.4395836902   1.54196683376   -15.117464309
1368   -12.1896210312   5.01478722571   18.6218944255
1369   7.61331132777   15.1075811771   -9.3029320151
1370   1.40345738385   3.43079360872   1.77515102824
1371   7.94173092188   -1.5915281443   -3.89170160858
1372   -2.37006067178   -4.84407149892   11.7595659587
1373   -10.1262187962   -2.95714605542   1.61396161114
1374   2.8141282779   9.02772959008   -7.60068872518
1375   5.4280724386   11.8657760889   -6.76213652213
1376   10.1210977961   0.395568883251   -7.62504086094
1377   -4.14142110429   -3.56804232764   -0.751797735651
1378   -1.88968846349   2.42605650098   14.4515722182
1379   -10.1953201682   -5.08661128478   -11.4436362037
1380   3.99729406971   -6.19380611291   4.2315447916
1381   0.092886888813   3.94730361268   5.52720259163
1382   -8.77551647351   -1.38100213611   3.63186726139
1383   11.6383179561   3.46875195807   -0.925933830162
1384   -8.42669968648   6.47018921272   -7.47678509677
1385   3.23823161884   -6.89444271471   3.80047115118
1386   -10.3553621935   3.21573111913   5.16200107735
1387   11.2416424017   7.29201170556   -1.20779010217
1388   7.50438937893   4.82733653262   0.195829182016
1389   -7.26714475077   0.544954319891   -1.74474343646
1390   1.09721055513   -1.23264376156   2.31757195555
1391   5.23233842883   -7.20376822446   3.8375376802
1392   4.67832023788   -6.41007788403   -15.2452948361
1393   -1.3785029151   8.04729421021   -2.31334665838
1394   7.1026893966   14.0682120674   -1.43874923498
1395   -13.265767686   -4.57419403821   -3.3403747341
1396   3.88231868085   6.78430385748   -7.70444135975
1397   0.592125266363   -8.1326946463   9.55564244673
1398   -5.15176452066   17.5402552849   -16.1462688626
1399   -2.23864461686   7.25663302273   -9.54010384034
1400   -29.3563679357   -3.25716848044   -3.64917764215
1401   -4.29464103388   -4.80651005344   -4.04319776528
1402   10.5661162663   10.3297772031   6.36884225566
1403   5.89919573865   0.672646007173   3.46943884179
1404   11.9236113182   0.743517083361   -13.525690371
1405   12.20253504   12.0562502259   5.36339819137
1406   -0.874405060121   12.3271487473   4.3039357756
1407   -3.46465610087   -8.17355515758   -9.73251069986
1408   -6.40363882766   15.2715436495   6.50327521981
1409   -8.31115800642   -2.12201251867   -4.36600651992
1410   -6.72900330283   -10.0810972901   -15.3003492582
1411   1.86093435098   0.71553804623   -5.21164595376
1412   6.65891477422   -3.77501294027   0.166843417555
1413   -10.6541736533   -5.01812104496   4.17537447394
1414   -3.22811232703   -13.7011067736   2.56963556195
1415   -7.7307601985   -11.1626986794   -4.9231868496
1416   -0.804015777628   7.373851267   11.8912546146
1417   9.31206465254   -3.32679099269   -14.4027001074
1418   -1.23186142183   0.52303900672   -4.90380015467
1419   1.58739883368   4.04053933864   23.5845583981
1420   -0.04181155055   3.54379889831   3.43358316216
1421   -2.02293135925   -16.5630911743   -4.11412099715
1422   -1.8587801933   4.82806205529   -15.8784518827
1423   9.54589131747   -5.10513340544   3.2113667218
1424   4.71012450367   6.62255839435   0.71097202231
1425   -18.1048805303   2.6744228143   -2.07429667531
1426   2.37595651667   -6.46961181702   1.68439819153
1427   -0.063677788626   -7.52046470212   3.32954231624
1428   -7.60720295705   19.9549204785   8.24737502566
1429   0.629074014241   -4.76369010065   12.3898016947
1430   -7.15451655533   -11.221476186   2.20850958615
1431   -1.78813794163   -2.27152489032   1.80691054662
1432   -9.01874099099   -5.18691016046   -8.40166337033
1433   -4.01312858103   6.29898125092   0.782337736422
1434   -0.242939708455   -11.7282340163   -17.1596458355
1435   -0.065116214472   0.754988621841   -3.38158469545
1436   -1.09939162627   -8.17146320091   -5.61737609698
1437   9.11565992471   20.9718248292   -5.25276524007
1438   -5.82955307757   9.26567223875   -6.48564855711
1439   -4.28814339306   -16.7487482194   5.77830142696
1440   11.0916588793   -0.676802150304   10.4407568338
1441   -4.58034807767   4.38167170598   -10.3634763012
1442   -5.08550806272   -0.821034387925   2.18781470664
1443   9.87762967847   1.07174839696   -14.4079441867
1444   17.1794661511   -4.53332238509   -12.7703710758
1445   5.39372203683   2.66612481169   7.78224004915
1446   -5.78676050319   -3.23796620842   10.8914677921
1447   2.40897833476   5.54402523948   -4.47315974653
1448   11.2391874087   -5.22703332375   -10.4298743204
1449   -0.051909723836   -1.92708048401   -4.64229557136
1450   0.420695729444   10.6529231199   7.72279362402
1451   -4.52846267625   -22.746711398   -1.10674850288
1452   -4.93538729378   2.98958607999   -12.2260729795
1453   3.19389768561   3.85565767516   15.3664950889
1454   -6.21180025914   0.011042699223   5.71457175511
1455   -10.5250857053   -3.03985937303   -5.03920405544
1456   8.38272083968   3.24645678195   -0.602776679396
1457   7.15132645616   -5.21078729438   1.24145851202
1458   -7.54833399384   -1.97269257557   4.59517936084
1459   21.1357301264   -3.83255152213   13.6861101878
1460   19.1274686143   4.2523863667   18.015053532
1461   -5.50429393673   3.81171316295   9.31848214965
1462   11.8063770709   -4.59310126422   -13.1928407233
1463   1.63180943857   -11.2591124598   -6.31560389537
1464   -8.97812232753   0.448431585228   0.188926742171
1465   -4.12557792738   1.37252643123   6.52228978138
1466   -0.291478647848   19.7684626038   12.4396315804
1467   -11.5025383805   6.37678630693   -12.7699030167
1468   -7.3184374051   7.14986640502   1.59158654647
1469   -6.90259871643   4.58452433372   -6.4803163303
1470   4.95802278193   7.13405236751   1.96378784601
1471   -8.35337080723   1.79859501213   7.58503630075
1472   11.4627721623   -12.433406387   9.42261525352
1473   1.82493208027   13.0294750337   5.11812374264
1474   -4.26912491001   -8.62625601487   4.7209404338
1475   0.19849437786   3.60513786146   24.2094568396
1476   -6.19800389359   -2.37866587569   4.9576692878
1477   1.89913899114   -15.351104189   0.410011723654
1478   -12.4557290957   -3.52464026063   11.781224215
1479   11.2518623846   9.19183359101   13.4436569102
1480   -16.8768811532   11.8014960372   -7.32157675738
1481   -6.98178451024   3.07233003317   -2.45682677098
1482   -5.59304883268   17.2785876538   4.68703209779
1483   -1.39354995108   19.3814907782   4.46174175755
1484   9.89934703324   16.5106522175   -10.6297842936
1485   -2.99080823805   -10.7906318901   -4.10324974322
1486   -2.64143676945   -2.35564189344   -6.83104708844
1487   -11.2598921531   7.78415635952   4.6819934462
1488   12.3931336922   -10.1743081584   -6.58744345342
1489   6.96996901279   -4.02532903468   1.84160035898
1490   -4.90342429468   7.57887206739   -2.94898476038
1491   2.85374737055   -5.80838653713   10.4746970225
1492   6.27294940776   4.21636949654   4.54725163434
1493   -5.50650872106   12.685658678   2.7528694081
1494   -1.48917487455   -6.15193337252   -4.90944767025
1495   1.0561526757   7.11266327577   -10.4157659577
1496   -4.59629568319   -8.8000115318   2.78442303798
1497   -14.8987657403   7.53226450524   7.7026064081
1498   -9.88295057652   -25.0050645346   -18.5773271934
1499   -10.8798529606   -4.09997002241   4.57413948906
1500   -24.3480902831   -8.03052933342   -17.3607145958
1501   3.23247020479   -4.71305563893   1.92865180247
1502   -2.93580859632   -13.0444419138   -12.3812350326
1503   -1.66323284412   4.77281273667   6.05631674914
1504   -8.90629030296   -5.61913916076   2.48551025326
1505   8.53857684996   0.673549640593   -7.62225280309
1506   6.54515151039   6.78390579327   -4.13735059214
1507   -0.359956817658   10.9037314038   0.030549288237
1508   0.44713328301   1.75460355747   17.8830443717
1509   -2.9487494017   3.87208698322   25.3582211091
1510   14.9447598329   14.3182218954   -8.71733305658
1511   0.689218356627   -0.855277331369   -7.7092364335
1512   -3.92864551822   10.22607681   7.25215300325
1513   6.09469112701   13.8562884073   -6.22244734053
1514   6.6324919712   -6.72216931443   13.1061170921
1515   -7.97713125904   3.65230156102   -5.54722418162
1516   -6.22168019736   0.992836625643   -7.51670548619
1517   -15.4830488745   -5.87354112015   2.92031491598
1518   4.34776412087   -10.670124371   1.69039433003
1519   -1.91215954346   11.3317592064   -17.1833506603
1520   -4.27523619836   3.15811482972   1.46757624923
1521   -0.28188699024   2.58557272807   -4.79355774587
1522   6.55763573036   2.93399840317   -2.48742656329
1523   15.9933396227   -15.9450431096   9.36731918635
1524   -8.68475540769   -9.04262374487   -3.05642921558
1525   -0.22688731323   -10.2018427293   -1.76058155971
1526   17.3706366384   12.699940387   -5.51114531228
1527   -3.87987181184   2.08705195535   -12.7193198841
1528   -15.1996502788   2.65121835871   -4.65314384098
1529   3.03578304199   -5.72429718436   -4.93250218368
1530   -3.95136810773   8.87052000537   -9.51847812064
1531   -3.80963161353   -11.7369684165   -9.71068166917
1532   1.27432639634   -7.37686403146   -2.22488765241
1533   1.80264539003   -5.42791284763   -1.74546910825
1534   -5.1674113173   11.0848079937   1.28395663421
1535   -4.35697257727   3.77670153662   -7.04357616355
1536   16.4020317247   -5.50479659562   -13.1852503059
1537   -4.25239345527   2.95436367661   11.4924123118
1538   -1.49710569081   0.823753815849   -0.912788674564
1539   -2.31410211459   -14.1422123344   8.00102203458
1540   1.53039433203   -15.5486860383   13.2377571058
1541   1.26583618868   -1.00794569647   -4.85006265129
1542   -1.19053042858   -8.85506961246   -8.11715157062
1543   9.40722005765   -11.0702259518   2.10417740113
1544   -17.8876754512   -6.2769034516   -1.77017434036
1545   2.72394522737   11.4163384587   -2.04923354979
1546   5.28431221991   2.46512218395   -9.6416626344
1547   -2.66180392341   4.07009550886   7.73075724279
1548   -0.17632689245   -3.39759924003   0.561867244934
1549   -4.2860436495   -13.0311161719   -2.78513865515
1550   13.6781980324   -12.4321559698   -16.3790452955
1551   5.51782638575   -15.0448374093   -14.98594199
1552   6.53609091117   11.3591305927   0.371102146285
1553   7.01280943547   3.79720761597   12.554016326
1554   -7.13666269398   16.762910947   15.9737415566
1555   9.51241232509   13.7177968926   3.96238033278
1556   -14.8288187907   -5.43518370046   -3.70215943503
1557   -5.61975820649   -19.2661172779   -2.65626489253
1558   -3.12775674566   -2.44523328661   -13.3165717696
1559   -3.94269749543   13.7391658105   -10.0420626997
1560   5.64063301432   12.595816662   -6.24473550421
1561   18.9646971392   -16.123982429   -6.54729104894
1562   -1.53311450917   2.27695985408   6.29515290963
1563   14.5467578151   10.4589832467   -5.97673659228
1564   0.153454758119   -1.45056071454   -2.23916000782
1565   6.85110359808   0.793366694813   2.97029376437
1566   4.29853017476   5.11816805074   -1.03644925069
1567   9.69018922057   22.9706729493   -5.22248933971
1568   -3.81465991751   -2.47961341526   1.96489427803
1569   -21.6741728329   4.95955075364   2.44898408324
1570   5.10675679087   -3.02385755251   -3.21877680623
1571   3.730404061   -2.11626961325   -10.8895799347
1572   -6.01590113897   2.29547763761   -5.26982924374
1573   0.234584127928   -3.42688982354   2.84722973468
1574   11.9878158345   -4.62099395574   16.4094420388
1575   15.9620429851   0.264913684283   7.45811270279
1576   -9.64208749537   -0.525714440773   -2.47526307472
1577   -0.601590831481   0.971712935491   5.68219117363
1578   -12.4820048377   -5.38604164957   11.8829836397
1579   -5.21199655206   -3.22966383272   -1.88179518833
1580   -14.1055259095   -13.0174287153   11.5388104645
1581   1.66115756584   0.406675939059   2.75852768767
1582   5.14016825477   13.1038648793   4.99632150894
1583   9.75160141665   -2.62071462975   2.78832773153
1584   11.944313625   6.66856004687   -0.294834890516
1585   2.30826083314   4.73196419995   11.043706063
1586   -4.43534503264   7.96961451912   -1.87800501254
1587   7.487874013   -18.6820588907   5.32496814912
1588   -3.20167508627   -2.58240545865   8.67875831468
1589   -10.0363240659   7.45944647515   5.19259075258
1590   -0.224758986591   -6.77397374976   1.00941704814
1591   9.97941063145   10.6973975254   6.95101591135
1592   -13.1502994765   -6.76362643616   4.0847944137
1593   -4.43205575797   19.0481620245   -1.87014838136
1594   -3.01716172155   -3.09237168502   6.95052848133
1595   -9.12723718334   7.76142437025   -2.09079452846
1596   -3.36433035264   -0.210303957744   -8.09617729497
1597   -10.2779333081   9.38892164902   -3.06616325387
1598   1.39962340228   0.720187377087   0.048225676182
1599   0.900017556873   -5.90481127764   -7.56958553702
1600   6.98333405641   -4.096276929   -4.60091682405
1601   -13.3080148134   -0.56427144483   9.85905595174
1602   -10.2789518421   -3.08265314957   9.57698979304
1603   -1.6557759872   -1.10587893266   13.5341497968
1604   2.13327336993   -4.23775372801   -5.55076089841
1605   1.99529362767   5.3445765771   -1.99718867612
1606   0.794778700939   -4.13048115363   -19.1195927998
1607   -11.9141222958   5.48769258855   -7.37089545644
1608   -12.2466408602   -4.15092222019   -8.19253246077
1609   7.96144651735   -14.323189489   3.78078961132
1610   -8.13323764214   -1.05068318086   3.92443176707
1611   11.4259923783   -6.05497151266   -13.7313981225
1612   -9.19781323228   7.1675841782   -3.70651270783
1613   -3.70611575766   -8.38503641111   0.152990292037
1614   -2.77132913162   1.88454567354   -6.85032900242
1615   4.94012487953   -5.16095259522   -1.63932386719
1616   -8.50094511663   7.07997784128   1.39889760764
1617   -23.1831294762   -3.4963653061   0.672672848981
1618   -7.21409310496   4.85836688027   -3.24581375638
1619   8.87509794718   7.20770160601   -4.88923630959
1620   -14.3531704409   -8.75625850775   17.9126113066
1621   -12.2715522166   -10.7584469222   -6.15836830583
1622   -2.19840794645   5.36299353912   22.7978359732
1623   -0.27807954959   -14.8767126681   -1.44854581996
1624   -8.48092095408   -7.3387076734   -1.46672337804
1625   -0.131683198027   -3.84922546793   1.87249894385
1626   -3.24970710004   5.83918985937   4.41458730434
1627   -7.45383554195   7.66781320428   -7.26257359248
1628   -9.14817595111   5.01282240066   -3.69841995062
1629   3.65755453022   1.30431421955   -1.23766534842
1630   4.05663741037   6.05682970054   2.00522567529
1631   1.0134451943   0.041225640665   -5.51405153632
1632   -6.06112774137   -18.7083945937   8.82227136968
1633   6.0016990949   7.91620612434   -5.12792067803
1634   -5.76050741092   -1.86899375948   -9.24696137624
1635   15.194068164   2.14385291491   9.07194994616
1636   6.62612498314   6.64112588189   -4.4668780264
1637   12.8086945844   -2.26852111843   9.22467793704
1638   -21.3776438667   -2.63036161784   2.77724930099
1639   10.4464637372   0.307776682815   -12.8413096779
1640   -6.55182390723   -7.18885756752   -1.45396782446
1641   3.30560559014   15.7811165744   0.66242577286
1642   -16.3173902441   9.59197869538   -11.3594673592
1643   -2.1902036984   14.7736569121   9.43619743834
1644   -0.695806255346   -6.87285359254   0.367605570318
1645   -5.82269357765   4.78949277768   8.22074804341
1646   -9.39438240997   6.06348822204   -2.5175486154
1647   0.49056345155   8.52400147245   -4.73507710577
1648   -11.5061218405   -7.06584374253   12.9126187658
1649   6.56860118531   1.47529818569   10.9280715155
1650   2.07821667453   1.21594094946   1.93807765152
1651   5.26203418047   -5.6626355764   7.23635922892
1652   -12.8487831786   1.26017470918   2.37513597082
1653   15.7510619748   6.12789708744   -13.4374138258
1654   1.44326232669   0.564246005705   -4.6415639204
1655   -1.02906672962   8.98371107052   7.5971007539
1656   -3.1468240486   -0.986742537413   -3.3426568149
1657   7.34942225407   -15.8407372079   8.08045731118
1658   6.92247233898   0.093569168566   11.1861757275
1659   -0.83667748678   10.249630847   -6.05638936473
1660   -4.12331897281   -1.45570950459   9.97725816183
1661   11.0931252394   -1.76201887412   -9.41854844219
1662   2.66645071157   -12.3157965643   7.4174550425
1663   -13.4001017692   4.25022134092   11.5128603894
1664   -3.20947134032   5.24132374855   2.33527846837
1665   -6.12241494998   0.570204742284   0.092609666386
1666   0.027915204398   -2.41210703086   -0.116684642318
1667   0.110019528636   -15.0422040118   -3.76197971811
1668   -12.401764317   -3.72330236109   1.96987139643
1669   10.8710036691   -9.28334044747   11.4851000624
1670   15.4782319574   -5.81184827119   3.05792608504
1671   14.5132415035   10.0459682076   -4.9962290771
1672   -0.313103666465   -2.30762970927   -1.76624862939
1673   5.89503404915   2.93375548443   -3.63831511771
1674   -22.1916007769   -8.80288642717   7.21933985708
1675   3.59750894539   1.28256273453   7.72099148906
1676   3.18301223633   -21.4770255142   -1.137715496
1677   7.74972273242   20.4468307304   8.16462104014
1678   -4.98106299567   -18.1988503901   -10.6634011211
1679   16.5666775162   -0.618818749582   -8.43136776666
1680   7.00702754118   1.36695655063   8.1589659369
1681   -1.84838000482   22.2130733701   -11.1145062525
1682   -0.001440977402   8.81559005303   -2.55230820623
1683   -1.7368033225   13.6941609717   0.412243765598
1684   7.22191885011   -3.43771384947   -0.652233632324
1685   -1.09958714708   13.1725592125   3.64151731434
1686   -1.34841597004   -2.75337442921   -4.57224980209
1687   2.3777644653   2.17369520124   -15.0936416943
1688   -5.27480575094   9.81189152324   -5.54264990691
1689   3.66060031348   8.91511076734   -4.82175417121
1690   0.634025720441   14.2601945895   -8.01682196103
1691   12.2792446837   2.18268255992   9.25810273406
1692   -5.90679379863   5.75427872346   -1.76175207898
1693   -11.5462278676   -11.1025646336   -5.78370892362
1694   -14.6828704181   2.88880376711   -4.66347791211
1695   0.285527518714   6.37764375301   17.1354138025
1696   10.4581449411   4.37034143543   14.7023722394
1697   -7.04797846302   9.24097006068   11.0383027966
1698   -1.04382543855   -5.33685515513   -5.96833476534
1699   10.5051308819   -8.73429796402   5.91436025604
1700   4.3183779137   8.07323150314   15.4606418807
1701   -3.08338190727   -21.1159110359   3.81883070811
1702   2.82549927482   -4.77512537248   -22.6304480232
1703   -5.42219628501   -20.8339699163   -0.923030985086
1704   2.54193580636   -4.93145129026   4.40381874035
1705   14.9367524993   6.27368962725   0.57927601645
1706   -13.6799483292   14.117841076   2.59830714345
1707   6.77558394422   -7.43398882787   13.4826826319
1708   4.70384455919   0.708362810739   -0.342489241931
1709   10.8189615682   10.336642336   -1.90951376207
1710   8.73388075677   -2.29911317472   -5.76905514067
1711   -4.16261497129   -3.091852782   -9.21587566762
1712   -6.2157834996   -18.0750261323   6.58595317412
1713   1.77449125479   4.60945298322   16.5845933655
1714   11.1350344162   13.3580264368   0.987378836075
1715   8.77468223822   3.51721656412   -11.2433668172
1716   -1.37685096901   -10.9650913823   6.12994379396
1717   5.5744344482   -0.654811736273   8.93370273669
1718   9.60778105858   -14.6532195943   -4.34523271411
1719   -2.86315124045   4.16262719455   -10.481047633
1720   -7.01518154486   1.59041110268   4.92761848758
1721   -9.29726939115   14.1969570609   19.6166633983
1722   20.5575320634   -19.164875645   -10.6883516664
1723   -7.57721951735   -3.20325315947   -3.01389201954
1724   1.80791312828   -6.45173906705   -3.66789866318
1725   -4.60453111809   16.0179157232   -8.11410332828
1726   -9.14993902001   -20.6408443006   12.5055235336
1727   -5.8361152557   1.24410499976   -14.6192114946