%verlet list
mole number 12 
neighbor number 91 
number        x              y              z 
  10  4.62783516813  8.56599691483  29.5567645792 
  11  7.48875970919  9.64130991274  27.2135324157 
  27  22.3979445652  11.6043165679   5.5669280492 
  36  7.35811605366  18.5355570373  20.5062393012 
  49  22.4835199559  14.9303312547   1.3269900804 
  54  6.60903509355  7.31563195581  17.8063841336 
  55  3.71134052407  35.7451133134  16.4744908791 
  58  24.8195310781  19.9766576853  8.88263573245 
  68  29.8829463023   25.812048282  26.2695623934 
  90  30.8876469405  12.9643493998  32.8655459186 
 103  14.2526138058   13.615082837  2.67771094568 
 108  11.2958116697  7.05485507711   33.364738362 
 109  22.8162407349  7.77451420459  34.4899757059 
 114  25.0143195739  8.52210906663  4.93094052744 
 116  22.8762860191  8.57647839328  29.1077488827 
 121    5.608397116  9.49267769531  24.1216941943 
 122  26.3902224051  19.8202251646  19.7900736838 
 124  26.2101740224  31.3602861089  31.9756145593 
 126  23.7544103928  33.3310989049  16.8967127848 
 139  29.4290088183  7.76583085005  32.0794639944 
 153  33.3282988558  18.9371965208  25.1711197702 
 156  10.4639636289  13.9919806215  27.2362551837 
 157  26.2976771978  5.67767213229  27.8011685855 
 161   19.908755093  9.47832473692  11.6364757218 
 163  8.77623102064  16.0341006197  0.49042564019 
 172  20.3260582555   8.3305602067  8.02278908433 
 175  6.75221320719  5.61985864633  27.8320694608 
 176  26.0053047021  10.6682908014   20.331316751 
 178  18.4392238568  28.2894941039  5.24099499355 
 185   8.0801863313  11.0139411209  16.1905297992 
 192  28.1836289301  15.5987011097  15.9090303865 
 229  17.0084582801  31.8782553613  30.7208688348 
 234  27.4168404653  8.22821919356  17.6128323215 
 244  28.8663799674  14.0701198568  30.2782218492 
 250  5.16094050353  15.0241094787  32.6739705161 
 251  18.2694363502  21.0370923276  26.0044297032 
 261  29.3320236195 0.721095362324  25.4779704752 
 270  4.74621277032   25.833637458  4.05841262168 
 300  25.6626475134  21.2899309797  2.90186790895 
 305  13.8536480763  13.8177738226  21.8869789131 
 306  31.1384785884  19.4864520666  21.3512595609 
 312  13.0527739719  6.86070245784  13.4830599751 
 330  1.19292081316  29.7914186881  34.9335907493 
 339  22.8468087427  17.6724286884  16.1294139552 
 350  1.87272615776  34.5410762558  21.5919775212 
 367  15.8424859899  26.8775838097  25.6338735847 
 372  25.7853707892  7.89110508644  14.3535722603 
 375   28.810833782  3.87885439245  32.6916507759 
 382  14.4887086927  9.75565076199  6.75154019269 
 405 0.157345931144  23.6234697291  30.0850290923 
 447  11.0827226252  33.4018070797  26.2968657444 
 463  14.4258977658  35.5781037591  7.02411726533 
 472   27.450940662  8.79981708652  29.0608846539 
 475  2.14919068047 0.471465460902  8.43784966088 
 477  2.02821646389   12.603817622  34.1151253321 
 478    11.12424684  32.2102792041 0.452418604213 
 481  33.8793828831  34.1329953805  22.8479921672 
 493  25.5074146757  6.40291357864  19.6390044246 
 497  16.1622796559  30.6962661919  3.39044070486 
 513  30.2695877629  28.5100852556  10.0499281882 
 554   26.675346267 0.391998355762  4.47955056884 
 560  26.6450702253  26.7726924838  10.5966968583 
 568  20.6050658942  24.5078997744  34.9925064635 
 584  17.8713583751  11.1729830266  8.77762857594 
 589  2.20269231685  33.0920824097  18.0154306837 
 598  31.3272651919  6.88020721713  2.73517916196 
 601  8.81029334278   13.007382922   5.0054795479 
 618  35.3947842532  7.65500170244   4.7942942823 
 625    6.278385267  35.3094217629  13.9206563037 
 632  8.38134764356  3.80331396111  35.1376361718 
 633  28.3482131739  4.45877933144  3.35992937555 
 639  29.0419507118  35.8477095749  32.1264044069 
 644  30.1912944097  33.0153797624  23.2783029266 
 657  16.0791888667  26.4551500363  18.5973038843 
 663  26.0997150626  12.8497237142  24.9287426779 
 665  14.1155371025  1.45368938381 0.974816931147 
 675 0.828479034941  5.31082664753  13.0548670464 
 683  28.2719281442  3.27858311607  22.7614523855 
 686  6.38842983915  27.6323954459 0.786172852389 
 719  12.9683597279  24.8305029925  22.9162927832 
 721  32.1786963259  5.34431707533  30.8388111019 
 730  8.54202072644  1.57864204491  13.3209377474 
 735  1.80539733098  20.0438827782  10.8976208814 
 739  35.9893706081  23.7548448519  18.0120852804 
 779  17.8744020028  14.9426106978  16.6734951104 
 792  25.9408743619   20.788679143  12.3387885791 
 800  10.9901214366  19.0679472348  15.4562972497 
 809  26.7750048096  23.3038829243  35.9312759709 
 821  22.8122574763  29.9139628483  24.8530146027 
 827  26.7877973707  17.1842579447  22.6101162845 
 836  31.2203629409  12.5499563391  28.1244921427 
